5295
12406
12538
78
2723
8839
8359
7741
5784
5900
240
18838
2077
2090
2546
706
2282
2163
3157
2272
2295
7186
10541
53607
8590
7229
13252
660
18226
1167
13043
16402
12493
7454
7412
2772
9901
2381
11355
4892
4375
8521
3045
2933
11390
3633
3896
4611
17550
21058
13082
7942
4464
3429
539
4551
4211
4062
4643
3943
2556
3203
3443
4553
20612
2919
2661
7616
16828
1010
4990
364
6064
377
4357
3808
14711
13320
1102
545
864
6211
5617
3668
4406
1439
827
5875
13254
296
4980
747
4500
8106
5377
7195
7465
8610
2336
12860
6961
5162
8059
4261
5116
3239
15770
3933
3907
211
6566
6129
3205
6761
5251
7207
7126
4469
7159
4817
4525
445
890
4104
7832
283
7306
8818
4458
1268
5143
3624
6438
7202
8931
13600
10034
7216
8458
4341
5478
7696
520
372
3535
65
6417
8267
5209
6797
7673
4257
5597
5249
7637
19196
8865
1371
173
4194
4129
206
5220
6151
4981
47
4146
4333
6031
876
6016
8146
4214
4274
9711
5624
87
6246
5686
3152
74
3284
3202
4365
83
5758
8301
3773
776
2728
2200
2827
536
1728
2303
2858
2513
1503
2462
2647
1875
4689
6755
114
4684
2683
3010
5305
3791
3781
892
3932
3690
3698
4002
1819
2719
2220
3328
1
904
9079
18310
11227
1238
9281
12728
8632
9437
3349
8663
2176
2459
294
6152
12814
116
7000
14248
3619
3919
491
2856
3803
3779
2615
4654
3515
4205
3920
1538
17899
18343
9333
12456
16697
2401
2399
46
1295
4289
5912
767
1527
3126
3906
3650
3499
2194
2867
4804
5111
3422
3398
2686
3013
2740
4244
2654
7596
5295
2642
2949
5734
7614
3951
3105
736
2643
3714
2593
2561
3054
5383
5360
5533
2806
3124
2345
2669
1134
2475
2758
2916
68
660
88
2688
2865
4021
1950
2749
3422
2623
63
567
2247
2451
4570
3582
4247
3295
194
2588
3318
3895
4278
105
2184
2839
3027
957
4001
3819
45
2555
4534
3954
484
1663
3030
6519
2003
4602
76
5946
5789
4962
1691
7496
5773
4582
5971
3946
1402
6641
4858
1000
1330
3918
3412
6265
5062
6538
5858
1992
4281
9722
3800
7722
5289
5287
5471
25108
1894
7956
33096
6788
5770
4366
3354
3836
7546
4847
5816
2801
4488
5104
8061
2651
3067
8107
7186
3747
3288
2658
8000
3664
3621
1141
2156
4044
4088
1214
3960
3462
2985
3467
1528
2557
1702
2975
3595
3832
180
2452
2071
3064
6046
2529
4795
2484
3111
2336
2633
4434
3168
2371
1
1
4049
3884
501
2114
2950
3194
1
4504
1897
3309
6295
2621
4332
6128
1739
3691
449
2120
2918
7691
1
5113
2815
3416
6583
3566
2453
3555
5753
3022
2109
1
4018
4852
2869
4654
8543
2066
2446
1
4160
2675
4109
3109
4366
2406
1990
8069
2983
3313
2171
5625
2594
3001
3090
3
6934
3019
3107
6216
4752
3064
3126
5804
4468
3105
4539
186
4150
5080
2763
2773
5302
3118
2346
1
3627
4470
2584
5144
3
4411
3810
3289
3425
1
4647
4024
2778
3615
2740
2353
7118
5398
3590
2479
5839
5477
5294
3333
1
2875
3063
1
4386
4564
3774
5537
2
3007
4586
4747
3969
1
7185
5046
2829
1
3916
4502
1
1
5496
3688
3779
1
4908
4246
5229
2141
9312
3868
6861
1
3974
4093
13865
5
24423
4925
4878
4977
7733
4614
139
21624
10156
857
802
1119
310
96
32084
1518
355
46272
568
4396
6430
10267
5839
7565
8478
7560
1138
41
7009
703
4163
4163
1341
955
3894
1073
3419
779
1345
7535
578
1619
8095
8336
8747
12096
10626
625
7370
163
13833
2259
916
5680
2142
3568
956
8778
3647
4513
5230
709
87
2376
1082
3783
424
909
1317
3667
3163
882
413
293
7118
1558
2481
8411
7716
5355
5119
3539
5262
4923
92
3983
5872
5758
6667
319
1193
4265
4799
2643
1079
2786
1533
1314
2534
6099
4265
5698
4586
2917
5296
3028
2877
6074
5472
5887
32
4571
4102
