0,0,0.00056657,0,0.58055,0,0,0,0.00037771,0.34164,0,0,0,0,0,0,0.018319,0,0,0,0,0,0.016053,0,0.042493,0,0
0.0013703,0,0.0037079,0,0.68475,0,0,0,0,0.26399,0,0,0,0,0,0,0.029905,0,0,0,0,0,0.016121,0,0.00016121,0,0
7.9758e-05,0,0.04275,0,0.29143,0,0,0,0,0.38084,0.045143,0,0,0,0,0,0.23138,0,0,0.0019142,0.00015952,0.00047855,0.0058223,0,0,0,0
0,0,0.35897,0.051282,0.051282,0,0.012821,0,0,0.025641,0.089744,0,0,0,0,0,0.41026,0,0,0,0,0,0,0,0,0,0
0.00036724,0,0.73412,0,0.020566,0,0,0,0,0.17738,0.0022035,0,0,0,0,0,0.064267,0,0,0,0,0,0.0011017,0,0,0,0
0.00022627,0,0.0010182,0,0.64996,0,0,0,0,0.29754,0,0,0,0.0040729,0,0,0.030999,0,0,0,0,0,0.012671,0,0.0035072,0,0
0.00023926,0,0.021534,0,0.17598,0,0,0.014236,0,0.23316,0.0195,0,0,0.00023926,0,0,0.53176,0,0,0.0015552,0.00035889,0.00023926,0.00071779,0,0.00047853,0,0
0,0,0.87805,0,0.011756,0,0,0.00012918,0,0.10619,0.00012918,0,0,0,0,0,0.0037463,0,0,0,0,0,0,0,0,0,0
0,0,0.032331,0,0.58368,0,0,0,0,0.37085,0.0098548,0,0,0,0,0,0.003112,0,0,0,0,0,0.00017289,0,0,0,0
0,0,0.066949,0,0.14932,0,0,0,0,0.5978,0.037119,0.00016949,0,0,0,0,0.14576,0,0,0.0015254,0,0.0010169,0.00033898,0,0,0,0
0,0,0.24583,0,0.1875,0,0,0,0,0.20417,0,0,0,0,0,0,0.3625,0,0,0,0,0,0,0,0,0,0
0,0.00026542,0.78129,0,0.0017518,0,0,0.0033974,0,0.039548,0.00026542,0,0,0,0,0,0.17348,0,0,0,0,0,0,0,0,0,0
0,0,0.41984,0,0.017814,0,0,0.0024073,0,0.2311,0.0043332,0,0,0,0,0,0.32354,0,0,0.00096293,0,0,0,0,0,0,0
0,0,0.00047847,0,0.79426,0,0,0,0,0.10431,0,0,0,0,0,0,0.098565,0,0,0,0,0,0.0023923,0,0,0,0
0,0,0.032207,0,0.40966,0,0,0,0,0.31304,0.042812,0.00078555,0,0,0,0,0.19324,0,0.0015711,0.005106,0,0.0011783,0.00039277,0,0,0,0
0,0,0.44193,0,0.30028,0,0,0.038244,0,0.13031,0.0070822,0,0,0,0,0,0.082153,0,0,0,0,0,0,0,0,0,0
0,0,0.33611,0,0.00087642,0,0,0,0,0.36415,0.0013146,0,0,0,0,0,0.29755,0,0,0,0,0,0,0,0,0,0
0,0,0.00046232,0,0.84004,0,0,0,0,0.094313,0,0,0,0,0,0,0.064263,0,0,0,0,0,0.00092464,0,0,0,0
0,0,0.032943,0,0.29363,0,0,0,0,0.59297,0.016471,0.00031676,0,0,0,0,0.062401,0,0,0.00095027,0,0,0.00031676,0,0,0,0
0,0,0.68266,0,0.020246,0,0,0.0035211,0,0.12456,0.012764,0,0,0,0,0,0.15625,0,0,0,0,0,0,0,0,0,0
0,0,0.60915,0,0.00043573,0,0,0.00043573,0,0.38911,0,0,0,0,0,0,0.00087146,0,0,0,0,0,0,0,0,0,0
0.00013916,0,0.00027832,0,0.77247,0,0,0,0,0.20387,0,0,0,0,0,0,0.019482,0,0,0,0,0,0.0030615,0,0.0006958,0,0
0,0,0.045442,0,0.081017,0,0,9.4868e-05,0,0.40319,0.010625,0.00037947,0,0,0,0,0.4585,0,0,9.4868e-05,0,0.00066407,0,0,0,0,0
0,0,0.00072752,0,0.72905,0,0,0,0,0.24803,1.8654e-05,0,0,0,0,0,0.016714,0,0,0,1.8654e-05,0,0.005447,0,0,0,0
0,0,0.00034924,0,0.55669,0,0,0,0,0.43667,0,0,0,0,0,0,0.0041909,0,0,0,0,0,0.0020955,0,0,0,0
0.00013833,0,0.0019366,0,0.22991,0,0,0,0,0.74713,0,0,0,0,0,0,0.0022133,0,0,0,0,0,0.0166,0,0.002075,0,0
0.00030184,0,0.041352,0,0.35338,0,0,0,0,0.43337,0.061123,0,0,0,0,0,0.10391,0,0,0.0048295,0.00052822,0.00015092,0.0010564,0,0,0,0
0,0,0.098485,0,0.12121,0,0,0,0,0.3197,0.14545,0,0,0,0,0,0.31515,0,0,0,0,0,0,0,0,0,0
0,0,0.70306,0,0.013113,0,0,0.03067,0,0.22051,0.00027433,0,0,0,0,0,0.032097,0,0,0,0,0,0.00027433,0,0,0,0
0,0,0.046272,0,0.13025,0,0,0,0.0077121,0.17995,0,0,0,0,0,0,0.58355,0,0,0,0,0,0.052271,0,0,0,0
0,0,0.0032201,0,0.029441,0,0,0.00015334,0,0.95653,0.0074369,0,0,0,0,0,0.0022234,0,0,0,0.00069003,0,0.00030668,0,0,0,0
0.00012194,0,0.090111,0,0.27875,0,0,0,0,0.52451,0.010547,0.0015852,0,0,0,0,0.08877,0,0,0.0010974,0,0.0044507,6.0968e-05,0,0,0,0
0,0,0.00024013,0,0.84327,0,0,0,0,0.1448,0,0,0,0,0,0,0.010406,0,0,0,0,0,0.0012807,0,0,0,0
0,0,0.76053,0,0.0072444,0,0,0.0084518,0.00013416,0.19278,0.0018782,0,0,0,0,0,0.026429,0,0,0,0,0,0,0.002549,0,0,0
0,0,0.0062062,0,0.89638,0,0,0,0,0.096735,0,0,0,0,0,0,0.00040475,0,0,0,0,0,0.00026983,0,0,0,0
0,0,0.45058,0,0.0075758,0,0,0.0079365,0,0.37374,0,0,0,0,0,0,0.16017,0,0,0,0,0,0,0,0,0,0
0,0,0.059085,0,0.18544,0,0,0.000606,0,0.62004,0.039592,0,0,0,0,0,0.075851,0,0.000101,0.014039,0.001919,0.001515,0.001818,0,0,0,0
0,0,0.29567,0,0.043679,0,0,0.01722,0.0021,0.01344,0.12348,0,0,0,0,0,0.50441,0,0,0,0,0,0,0,0,0,0
0,0,0.73747,0,0.00044033,0,0,0.0036107,0,0.17393,0.00017613,0,0,0,0,0,0.08428,0,0,0,0,0,8.8067e-05,0,0,0,0
0.00040883,0,0.032911,0,0.25,0,0,0,0,0.33769,0.066435,0.0010221,0,0,0,0,0.23896,0,0,0.0648,0.0016353,0.00081766,0.0053148,0,0,0,0
0,0,0.25463,0.00091429,0.018971,0,0.00045714,0.024,0,0.51429,0.0025143,0,0,0,0,0,0.18263,0,0,0,0,0,0.0016,0,0,0,0
0.00023471,0,0.016665,0,0.4023,0,0,0,0,0.20667,0.017838,0.00011736,0,0,0,0,0.35125,0,0.00011736,0.0010562,0,0.001643,0.0021124,0,0,0,0
0.0013136,0,0.00065681,0,0.38128,0,0,0,0,0.59475,0,0,0,0,0,0,0.0055829,0,0,0,0,0,0.01642,0,0,0,0
0,0,0.013297,0,0.092056,0,0,0,0,0.27514,0.014661,0,0,0,0,0,0.60382,0,0,0,0,0,0.0010228,0,0,0,0
0,0,8.7796e-05,0,0.00061457,0,0,0,0,0.99464,8.7796e-05,0,0,0,0,0,0.0045654,0,0,0,0,0,0,0,0,0,0
0,0,0.00027525,0,0.91412,0,0,0,0,0.052849,0,0,0,0,0,0,0.030278,0,0,0,0,0,0.0024773,0,0,0,0
0.0010267,0,0.01155,0,0.38501,0,0,0,0,0.3827,0.051848,0.0023101,0,0,0,0,0.10344,0,0.00025667,0.051078,0.00025667,0.00025667,0.010267,0,0,0,0
0.0010844,0,0.37866,0,0.33095,0,0,0,0,0.27955,0.0069399,0,0,0,0,0,0.0013012,0,0,0,0,0,0.0015181,0,0,0,0
0.00034188,0,0.00062678,0,0.78228,0,0,0,0,0.19783,0,0,0,0.0002849,0,0,0.0062678,0,0,0,0,0,0.012365,0,0,0,0
0,0,0.025691,0,0.35763,0,0,4.7488e-05,0,0.29205,0.052807,0,0,0,0,0,0.27125,0,0,4.7488e-05,0,9.4976e-05,0.0003799,0,0,0,0
0,0,0.91125,0,0.023391,0,0,0.00015288,0,0.045865,0.0010702,0,0,0,0,0,0.017887,0,0,0,0,0,0.00022932,0.00015288,0,0,0
0,0,0.74226,0,0.021153,0,0,0.00075548,0,0.22778,0,0,0,0,0,0,0.0075548,0,0,0,0,0,0.00050365,0,0,0,0
0,0,0.0051523,0,0.41756,0,0,0,0,0.56586,0,0,0,0,0,0,0.00089606,0,0,0,0,0,0.010081,0,0.00044803,0,0
0.00029163,0,0.011082,0,0.34529,0,0,0,0,0.24818,0.10994,0,0,0,0,0,0.27501,0,0,0.0072908,0,0.0017498,0.0011665,0,0,0,0
0,0,0.051948,0,0.048237,0,0,0.0018553,0,0.68646,0.012987,0,0,0,0,0,0.18367,0,0,0.011132,0,0,0.0037106,0,0,0,0
0,0,0.25862,0,0.038893,0,0,0.00043946,0,0.53307,0.0037354,0,0,0,0,0,0.16348,0,0,0.0013184,0,0,0.00043946,0,0,0,0
0,0,0.037996,0,0.040845,0,0,0.0030872,0,0.68369,0.0023747,0,0,0,0,0.0014248,0.22726,0,0,0,0,0,0.0033246,0,0,0,0
0,0,0.73904,0,0.0071393,0,0,0.0012309,0,0.16076,0.00049237,0,0,0,0,0,0.090842,0,0,0,0,0,0.00049237,0,0,0,0
0.00021538,0,0.0055998,0,0.6414,0,0,0,0,0.29141,0,0,0,0,0,0,0.0023692,0,0,0,0,0,0.057075,0,0.0019384,0,0
0.00050723,0,0.030941,0,0.23789,0,0,0.00050723,0,0.54071,0.07507,0,0,0,0,0,0.091301,0,0.0010145,0.0040578,0.00025361,0.0043114,0.013188,0,0.00025361,0,0
0,0,0.28286,0,0.15767,0,0,0.11268,0,0.30125,0.0089984,0,0,0,0,0,0.11189,0,0,0,0,0,0.024648,0,0,0,0
0,0,0.86107,0,0.0099906,0,0,0.0068686,0,0.10615,0,0,0,0,0,0,0.015923,0,0,0,0,0,0,0,0,0,0
0.00029044,0,0.00029044,0,0.83503,0,0,0,0,0.13012,0,0,0,0,0,0,0.018008,0,0,0,0,0,0.016265,0,0,0,0
0.00021964,0,0.028333,0,0.19899,0,0,0.0046123,0,0.4608,0.087635,0.0013178,0,0,0,0,0.21436,0,0,0.0032945,0,0.00021964,0.00021964,0,0,0,0
4.8515e-05,0,0.59058,0,0.0035901,0,0,0.0014069,0,0.24413,0.00019406,0,0,0,0,0,0.15991,0,0,0.00014555,0,0,0,0,0,0,0
0,0,0.00034258,0,0.82186,0,0,0.0013703,0,0.079822,0,0,0,0.00034258,0,0,0.090442,0,0,0,0,0,0.0058239,0,0,0,0
0,0,0.045472,0,0.21458,0,0,0.0003758,0,0.44645,0.07779,0,0,0,0,0,0.16234,0,0.0003758,0.024051,0.001879,0.011274,0.015408,0,0,0,0
0.00026261,0,0.0022321,0,0.32616,0,0,0,0,0.66071,0.0001313,0,0,0,0,0,0.0072216,0,0,0,0,0,0.0018382,0,0.0014443,0,0
0.00035655,0,0.00029712,0,0.3222,0,0,0,0,0.66591,0,0,0,0,0,0,0.002377,0,0,0,0,0,0.0088543,0,0,0,0
0,0,0.57624,0,0,0,0,0,0,0.33267,0,0,0,0,0,0,0.091089,0,0,0,0,0,0,0,0,0,0
0.0004008,0,0.0064128,0,0.46192,0,0,0,0,0.51944,0,0,0,0.0002004,0,0,0.0044088,0,0,0,0.0004008,0,0.0062124,0,0.0006012,0,0
0,0,0.16484,0,0.21978,0,0,0,0,0.15934,0.0082418,0,0,0,0,0,0.4478,0,0,0,0,0,0,0,0,0,0
0,0,0.65139,0,0.0051121,0,0,0,0,0.29749,0.0013193,0,0,0,0,0,0.04469,0,0,0,0,0,0,0,0,0,0
0,0,0.037135,0,0.46419,0,0,0,0,0.068966,0.0079576,0,0,0,0,0,0.42175,0,0,0,0,0,0,0,0,0,0
0,0,0.00022952,0,0.00022952,0,0,0,0,0.99839,0,0,0,0,0,0,0.0011476,0,0,0,0,0,0,0,0,0,0
0,0,0.00026261,0,0.42778,0,0,0,0,0.57117,0,0,0,0,0,0,0,0,0,0,0,0,0.00078782,0,0,0,0
0.00054381,0,0.00088369,0,0.56441,0,0,0,0,0.40684,0,0,0,0,0,0,0.014547,0,0,0,0,0,0.01278,0,0,0,0
0,0,0.00022523,0,0.00037538,0,0,0,0,0.99842,0,0,0,0,0,0,0.00075075,0,0,0,0,0,0.00022523,0,0,0,0
0,0,0.5363,0,0.019964,0,0,0.00090744,0,0.25227,0.0036298,0,0,0,0,0,0.18693,0,0,0,0,0,0,0,0,0,0
0,0,0.036697,0,0.13394,0,0,0,0,0.24587,0.0073394,0,0,0,0,0,0.57615,0,0,0,0,0,0,0,0,0,0
0,0,0.54167,0,0.070602,0,0,0.042824,0,0.28819,0.0011574,0,0,0,0,0,0.055556,0,0,0,0,0,0,0,0,0,0
0,0,0.0025761,0,0.00064402,0,0,0,0,0.99597,0.000161,0,0,0,0,0,0.00064402,0,0,0,0,0,0,0,0,0,0
0,0,0.048068,0,0.17928,0,0,0,0,0.44259,0.019939,0,0,0,0,0,0.30728,0,0,0,0,0.0017803,0.00089015,0.00017803,0,0,0
0,0,0,0,0.95174,0,0,0,0,0.042803,0,0,0,0,0,0,0.0019084,0,0,0,0,0,0.0035442,0,0,0,0
0,0,0,0,0.62256,0,0,0,0,0.36133,0,0,0,0,0,0,0.014526,0,0,0,0,0,0.0011348,0,0.00045393,0,0
0,0,0.054899,0.017373,0.054899,0,0,0,0.00069493,0.082001,0.0062543,0,0,0,0,0,0.78388,0,0,0,0,0,0,0,0,0,0
0,0,0.74728,0,0.0012092,0,0,0.0024184,0,0.21403,0,0,0,0,0,0,0.035067,0,0,0,0,0,0,0,0,0,0
0,0,0.0020426,0,0.00085106,0,0,0,0,0.99677,0,0,0,0,0,0,0.00034043,0,0,0,0,0,0,0,0,0,0
0.0001509,0,0.0046024,0,0.23608,0,0,0,0,0.7022,7.5449e-05,0,0,0,0,0,0.020899,0,0,0,7.5449e-05,0,0.032217,0,0.003697,0,0
0,0,0.077703,0,0.074324,0,0,0,0,0.057432,0.033784,0,0,0,0,0,0.75676,0,0,0,0,0,0,0,0,0,0
0,0,0.086747,0,0.11205,0,0,0.027711,0,0.5002,0.026707,0.00060241,0,0,0,0,0.24458,0,0,0,0,0.00060241,0.00080321,0,0,0,0
0,0,0.1071,0,0.23293,0,0,0,0,0.26506,0.0093708,0,0,0,0,0,0.38554,0,0,0,0,0,0,0,0,0,0
0,0,0.00044444,0,0.00088889,0,0,0,0,0.99778,0,0,0,0,0,0,0.00066667,0,0,0,0,0,0.00022222,0,0,0,0
0,0,0.035899,0,0.22958,0,0,0,0,0.50173,0.012213,0.0011103,0,0,0,0,0.21305,0,0,0.00086356,0.00012337,0.005058,0.0003701,0,0,0,0
0.00092989,0,0,0,0.34703,0,0,0,0,0.64776,0,0,0,0,0,0,0.00092989,0,0,0,0,0,0.0033476,0,0,0,0
0,0,0.78707,0,0.0029187,0,0,0.0027797,0,0.18638,0,0,0,0,0,0,0.020848,0,0,0,0,0,0,0,0,0,0
0,0,0,0,0,0,0,0,0,0.99987,0,0,0,0,0,0,0.00013396,0,0,0,0,0,0,0,0,0,0
0,0,0.040883,0,0.19024,0,0,0,0,0.34321,0.010453,0.0020906,0,0,0,0,0.39837,0,0.00058072,0,0.00034843,0.012776,0.0010453,0,0,0,0
0,0.0017123,0.1524,0,0.058647,0,0.0098459,0.013271,0,0.26199,0.0017123,0,0,0,0,0,0.50043,0,0,0,0,0,0,0,0,0,0
7.776e-05,0,0.0023328,0,0.22107,0,0,0,0,0.76019,7.776e-05,0,0,0,0,0,0.0038103,0,0,0,0,0,0.010575,0,0.0018663,0,0
0.00071829,0,0.019106,0,0.059618,0,0,0,0.00014366,0.90935,0,0,0,0,0,0,0.00028732,0,0,0,0,0,0.010774,0,0,0,0
0,0,0.10597,0,0.017629,0,0,0,0.00019372,0.10577,0.040682,0,0,0,0,0,0.72704,0,0,0,0,0,0.0027121,0,0,0,0
0,0,0.57216,0,0.011912,0,0,0.0034744,0,0.37784,0.0052116,0,0,0,0,0,0.029408,0,0,0,0,0,0,0,0,0,0
0,0,0.15607,0,0.18751,0,0,0,0,0.44497,0.0084487,0,0,0,0,0,0.20207,0,0,0.00070406,0,0.00023469,0,0,0,0,0
0.013096,0,0.19449,0.0060594,0.02932,0,0,0,0.005864,0.060399,0.02502,0,0.0062549,0,0,0,0.65109,0,0,0,0,0,0,0.008405,0,0,0
0,0,0.74653,0,0.0027786,0,0,0.0037048,0,0.17382,0.00092621,0,0,0,0,0,0.072245,0,0,0,0,0,0,0,0,0,0
0,0,0.0023462,0,0.075269,0,0,0,0,0.91262,0,0,0,0,0,0,0.00044388,0,0,0,0,0,0.0093215,0,0,0,0
0.0048309,0,0.0073735,0,0.17239,0,0,0,0,0.67302,0,0,0,0,0,0,0.00076278,0,0,0,0,0,0.064582,0,0.07704,0,0
0,0,0.0017917,0,0.0012798,0,0,0,0,0.98746,0,0,0,0,0,0,0.0094702,0,0,0,0,0,0,0,0,0,0
0,0,0.042654,0,0.16588,0,0,0,0.0047393,0.16588,0.037915,0,0,0,0,0,0.58294,0,0,0,0,0,0,0,0,0,0
0.0007615,0,0.029089,0,0.20027,0,0,0,0,0.42766,0.011422,0.0051782,0,0,0,0,0.29059,0,0.0009138,0.0044167,0.0006092,0.026957,0.0021322,0,0,0,0
0,0,0.0078316,0,0.29858,0,0,0,0,0.66063,0,0,0,0,0,0,0.0062,0,0,0,0,0,0.0097895,0,0.016969,0,0
0,0,0.10172,0.0037441,0.11794,0,0,0.0099844,0,0.09922,0.030577,0,0.010296,0,0,0,0.62184,0,0,0,0,0,0,0,0,0,0.0046802
0,0,0.0081349,0,0.00029581,0,0,0,0,0.93684,0,0,0,0,0,0,0.048366,0,0,0,0,0,0.00636,0,0,0,0
0.00038088,0,0.048181,0,0.17425,0,0,0,0,0.45972,0.028947,0.0026662,0,0,0,0,0.25747,0,0,0.003047,0.00019044,0.019234,0.0059036,0,0,0,0
0,0,0.00069377,0,0.78146,0,0,0,0,0.12668,0,0,0,0,0,0,0.08908,0,0,0,0,0,0.0020813,0,0,0,0
0,0,0.16138,0.0014033,0.093741,0,0,0.0087005,0,0.22593,0.034381,0.0081392,0,0,0,0,0.46492,0,0,0,0,0.0014033,0,0,0,0,0
0,0,0.043858,0,0.0062654,0,0,0.00044753,0,0.92817,0.00044753,0,0,0,0,0,0.02081,0,0,0,0,0,0,0,0,0,0
0,0,0.0019556,0,0.0051683,0,0,0,0,0.99092,0.00013968,0,0,0,0,0,0.0013968,0,0,0,0,0,0.00041905,0,0,0,0
0.0002076,0,0.0519,0,0.27299,0,0,0,0,0.49657,0.034669,0,0,0,0,0,0.13992,0,0,0.0014532,0.0002076,0.0016608,0.0004152,0,0,0,0
0,0,0.0033149,0,0.1558,0,0,0,0,0.66077,0,0,0,0,0,0,0.0035359,0,0,0,0,0,0.017901,0,0.15867,0,0
0,0,0.49663,0,0.10112,0,0,0,0,0.15281,0.053933,0,0,0,0,0,0.13933,0,0,0,0,0,0.05618,0,0,0,0
0,0,0.48427,0,0.022472,0,0,0,0,0.38989,0.0044944,0,0,0,0,0,0.098876,0,0,0,0,0,0,0,0,0,0
0,0,0.00048733,0,0.0012183,0,0,0,0,0.96564,0,0,0,0,0,0,0.032164,0,0,0,0,0,0.00048733,0,0,0,0
0.00012768,0,0.0035751,0,0.57367,0,0,0.00089377,0,0.35815,0,0,0,0,0,0,0.060776,0,0,0,0,0,0.0026813,0,0.00012768,0,0
0,0,0.26502,0,0.028269,0,0,0,0,0.31095,0,0,0,0,0,0,0.39576,0,0,0,0,0,0,0,0,0,0
0,0,0.34875,0,0.0027375,0,0,0,0,0.089789,0,0,0,0,0,0,0.55872,0,0,0,0,0,0,0,0,0,0
0.0001134,0,0.020866,0,0.18394,0,0,0,0,0.58347,0.0057836,0.0010206,0,0,0,0,0.19914,0,0.00034021,0.0019279,0,0.00090724,0.0024949,0,0,0,0
0.00044863,0,0.0069538,0,0.30821,0,0,0,0,0.58928,0.00022432,0,0,0,0,0,0.0078511,0,0,0,0.00022432,0,0.018843,0,0.067968,0,0
0,0,0.67192,0,0.0047319,0,0,0,0,0.30205,0.0039432,0,0,0,0,0,0.01735,0,0,0,0,0,0,0,0,0,0
0,0,0.0029166,0,0.00038888,0,0,0.00019444,0,0.9757,0,0,0,0,0,0,0.020805,0,0,0,0,0,0,0,0,0,0
0,0,0.0367,0,0.21247,0,0,0,0,0.37472,0.030353,0.0027594,0,0,0,0,0.3383,0,0,0.00055188,0,0.0033113,0.00082781,0,0,0,0
0,0,0.0017086,0,0.86362,0,0,0,0,0.071451,0,0,0,0,0,0,0.062597,0,0,0,0,0,0.00062131,0,0,0,0
0,0,0.0002777,0,0.00097195,0,0,0.00097195,0,0.97945,0.00013885,0,0,0,0,0,0.018189,0,0,0,0,0,0,0,0,0,0
0.00011197,0,0.65916,0,0.0012317,0,0,0,0,0.14075,0.00033591,0,0,0,0,0,0.19841,0,0,0,0,0,0,0,0,0,0
0.00058824,0,0.0032353,0,0.53993,0,0,0.0010294,0,0.42691,0,0,0,0,0,0,0.010735,0,0,0,0,0,0.017574,0,0,0,0
0.00049831,0,0.022922,0,0.25334,0,0,0,0,0.38649,0.068069,0.0015946,0,0,0,0,0.18387,0,0.0032888,0.0021925,0.00069763,0.0076739,0.069364,0,0,0,0
0,0,0.00055432,0,0,0,0,0,0,0.99723,0.00013858,0,0,0,0,0,0.0020787,0,0,0,0,0,0,0,0,0,0
0,0,0,0,0.8891,0,0,0,0,0.10475,0,0,0,0,0,0,0.0024829,0,0,0,0,0,0.00059116,0,0.003074,0,0
0,0,0.081087,0,0.16402,0,0,0,0,0.49781,0.042156,0,0,0,0,0,0.21493,0,0,0,0,0,0,0,0,0,0
0.00018255,0,0.018437,0,0.59529,0,0,0,0,0.33972,0,0,0,0,0,0,0.045272,0,0,0,0,0,0.0010953,0,0,0,0
0,0,0.0016892,0,0.53326,0,0,0,0,0.42866,0,0,0,0,0,0,0.030016,0,0,0.00012994,0,0,0.0037682,0,0.0024688,0,0
0,0,0.45,0,0.069231,0,0,0,0,0.073077,0.0076923,0,0,0,0,0,0.4,0,0,0,0,0,0,0,0,0,0
0,0,0.49194,0,0.099462,0,0,0,0,0.13172,0.0053763,0,0,0,0,0,0.27151,0,0,0,0,0,0,0,0,0,0
0,0,0.00084866,0,0.00084866,0,0,0,0,0.98897,0,0,0,0,0,0,0.0093352,0,0,0,0,0,0,0,0,0,0
0,0,0.43077,0,0,0,0,0,0,0.27692,0.061538,0,0,0,0,0,0.23077,0,0,0,0,0,0,0,0,0,0
0,0,0.36481,0,0.0057659,0,0,0,0,0.11657,0.00031167,0,0,0,0,0,0.51254,0,0,0,0,0,0,0,0,0,0
0.00012096,0,0.0024193,0,0.4899,0,0,0,0,0.47333,0,0,0,0,0,0,0.0076207,0,0,0,0,0,0.021289,0,0.0053224,0,0
0,0,0.054713,0,0.14206,0,0,0,0,0.4258,0.063544,0.0030716,0,0,0,0,0.28201,0,0.0007679,0.015934,0,0.0017278,0.010367,0,0,0,0
0.00044137,0,0.028395,0,0.30146,0,0,0,0,0.44976,0.026482,0.00058849,0,0,0,0,0.18802,0,0.00014712,0.0019126,0,0.0027954,0,0,0,0,0
0.00052131,0,0.0015639,0,0.67496,0,0,0,0,0.2978,0,0,0,0,0,0,0.013554,0,0,0,0,0,0.010947,0,0.00065164,0,0
0,0,0.00023491,0,0.0014094,0,0,0.0018793,0,0.98896,0.00023491,0,0,0,0,0,0.0072821,0,0,0,0,0,0,0,0,0,0
0,0,0.018224,0,0.36537,0,0,0,0,0.31856,0.07111,0.00035733,0,0,0,0,0.21029,0,0.0039307,0.0035733,0.00071467,0.0046453,0.003216,0,0,0,0
0,0,0.69442,0,0.0040008,0,0,0.00095256,0,0.29034,0.00019051,0,0,0,0,0,0.010097,0,0,0,0,0,0,0,0,0,0
0.00065471,0,0.002226,0,0.46091,0,0,0,0,0.46877,0.00013094,0,0,0,0,0,0.028676,0,0,0,0,0,0.038628,0,0,0,0
0,0,0.77896,0,0.0045322,0,0,0,0,0.15847,0.0017191,0,0,0,0,0,0.056314,0,0,0,0,0,0,0,0,0,0
0,0,0.0042865,0,0.83666,0,0,0,0,0.12014,0,0,0,0,0,0,0.036774,0,0,0,0,0,0.00090243,0,0.0012408,0,0
0,0,0.075857,0,0.18308,0,0,0,0,0.49818,0.01167,0.0065646,0,0,0,0,0.22465,0,0,0,0,0,0,0,0,0,0
0,0,0.12717,0,0,0,0,0.12139,0,0.72832,0,0,0,0,0,0,0.023121,0,0,0,0,0,0,0,0,0,0
0,0,0.61874,0,0,0,0,0.020505,0,0.34621,0,0,0,0,0,0,0.014545,0,0,0,0,0,0,0,0,0,0
0,0,0,0,0.77065,0,0,0.0024219,0,0.16929,0,0,0,0,0,0,0.056188,0,0,0.0012109,0,0,0.00024219,0,0,0,0
0,0,0,0,0.17476,0,0,0,0,0.1068,0.14563,0,0,0,0,0,0.57282,0,0,0,0,0,0,0,0,0,0
0,0,0.018966,0,0.31552,0,0,0,0,0.34655,0.024521,0,0,0,0,0,0.28697,0,0,0,0,0.002682,0.0047893,0,0,0,0
0.00016258,0,0.00032515,0,0.74362,0,0,0,0,0.16192,0.00016258,0,0,0,0,0,0.092505,0,0,0,0,0,0.0006503,0,0.0006503,0,0
0,0,0.84501,0,0.0014053,0,0,0.0062236,0,0.14455,0.00040153,0,0,0,0,0,0.0024092,0,0,0,0,0,0,0,0,0,0
0,0,0.7234,0,0.021277,0,0,0,0,0.17021,0.021277,0,0,0,0,0,0.06383,0,0,0,0,0,0,0,0,0,0
0.00072359,0,0.53353,0,0.0074771,0,0,0.009889,0,0.38664,0.0016884,0,0,0,0,0,0.059575,0,0,0,0,0,0.00048239,0,0,0,0
0.00046157,0,0,0,0.78421,0,0,0,0,0.056312,0,0,0,0.00069236,0,0,0.15717,0,0,0,0,0,0.0011539,0,0,0,0
0.00099486,0,0.00066324,0,0.52794,0,0,0,0,0.14873,0,0,0,0.00016581,0,0,0.31089,0,0,0,0.00016581,0,0.0099486,0,0.00049743,0,0
0,0,0.16895,0,0.017123,0,0,0.40753,0,0.1758,0,0,0,0,0,0,0.23059,0,0,0,0,0,0,0,0,0,0
0,0,0.00016622,0,0.00083112,0,0,0.0039894,0,0.9483,0,0,0,0,0,0,0.046709,0,0,0,0,0,0,0,0,0,0
0.00012276,0,0.002578,0,0.69912,0,0,0,0,0.24282,0.00012276,0,0,0,0,0,0.01203,0,0,0,0,0,0.00049104,0,0.04272,0,0
0,0,0.081158,0,0.21618,0,0,0,0,0.53868,0.018272,0.0061699,0,0,0,0,0.1393,0,0,0,0,0.0002373,0,0,0,0,0
0.00046795,0,0.67337,0,0.0042115,0,0,0.021526,0,0.28334,0.0014038,0,0,0,0,0,0.015676,0,0,0,0,0,0,0,0,0,0
0,0,0.63176,0,0,0,0,0,0,0.36793,0,0,0,0,0,0,0.00030893,0,0,0,0,0,0,0,0,0,0
0.00035562,0,0.0014225,0,0.59922,0,0,0,0,0.37571,0,0,0,0,0,0,0.015825,0,0,0,0,0,0.0069346,0,0.00053343,0,0
0,0,0.36782,0,0.022989,0,0,0.12644,0,0.22989,0.08046,0,0,0,0,0,0.17241,0,0,0,0,0,0,0,0,0,0
0,0,0.45357,0,0.0076849,0,0,0.01601,0,0.36455,0.00048031,0.00048031,0,0,0,0,0.15722,0,0,0,0,0,0,0,0,0,0
0,0,0.0019346,0,0.0022863,0,0,0.00087935,0,0.98224,0,0,0,0,0,0,0.012663,0,0,0,0,0,0,0,0,0,0
0,0,0.025063,0,0.24461,0,0,0,0,0.35945,0.025381,0.0025381,0,0,0,0,0.3309,0,0.00063452,0,0,0.0028553,0.008566,0,0,0,0
0,0,0.54054,0,0.013514,0,0,0.054054,0,0.2027,0.013514,0,0,0,0,0,0.17568,0,0,0,0,0,0,0,0,0,0
0.00060901,0.00060901,0.62058,0,0.0076127,0,0,0.017052,0,0.1078,0.0015225,0,0,0,0,0,0.24421,0,0,0,0,0,0,0,0,0,0
0,0,0.00093691,0,0.81574,0,0,0,0,0.12804,0,0,0,0,0,0,0.049344,0,0,0,0,0,0.0056215,0,0.0003123,0,0
0.0011455,0,0.017411,0,0.21008,0,0,0,0,0.45475,0.016266,0.0050401,0,0,0,0,0.21512,0,0,0.0050401,0.0002291,0.017869,0.057045,0,0,0,0
0,0,0.43373,0,0,0,0,0,0,0.51807,0.012048,0,0,0,0,0,0.036145,0,0,0,0,0,0,0,0,0,0
0,0,0.77319,0,0.001042,0,0,0,0,0.22404,0.00017367,0,0,0,0,0,0.001563,0,0,0,0,0,0,0,0,0,0
0.0012047,0,0.00024093,0,0.38381,0,0,0,0,0.24527,0,0,0,0,0,0,0.33948,0,0,0,0,0,0.029635,0,0.0003614,0,0
0.00026504,0,0.017758,0,0.46011,0,0,0,0,0.37927,0.015637,0,0,0,0,0,0.10098,0,0,0,0,0.024384,0.0015902,0,0,0,0
0,0,0.64562,0,0.12113,0,0,0.021907,0,0.11598,0,0,0,0,0,0,0.095361,0,0,0,0,0,0,0,0,0,0
0,0,0.71481,0,0.005132,0,0,0.00073314,0,0.21518,0,0,0,0,0,0,0.06415,0,0,0,0,0,0,0,0,0,0
0.0040909,0,0,0,0.79136,0,0,0,0,0.19818,0,0,0,0,0,0,0.0054545,0,0,0,0,0,0.00090909,0,0,0,0
0.00035373,0,0.068978,0,0.20446,0,0,0.0010612,0,0.45065,0.037849,0,0,0,0,0,0.23276,0,0,0.00070746,0,0.00035373,0.0021224,0.00070746,0,0,0
0,0,0.3209,0,0.18097,0,0,0,0,0.34515,0.0074627,0,0,0,0,0,0.11194,0,0,0,0,0,0,0.033582,0,0,0
0.0005787,0,0.56944,0,0.078125,0,0,0,0,0.29456,0,0,0,0,0,0,0.018519,0,0,0,0,0,0.0005787,0.038194,0,0,0
0,0,0,0,0.97091,0,0,0,0,0.026921,0,0,0,0,0,0,0.0017369,0,0,0,0,0,0.00043422,0,0,0,0
0,0,0.068929,0,0.25367,0,0,0,0,0.48321,0.044087,0.0010497,0,0,0,0,0.14276,0,0,0.0020994,0,0.0010497,0.0031491,0,0,0,0
0,0,0.90768,0,0.026263,0,0,0.0071628,0,0.048548,0.00079586,0.00039793,0,0,0,0,0.0091524,0,0,0,0,0,0,0,0,0,0
0,0,0.49501,0,0.0053227,0,0,0.0013307,0,0.44112,0.0013307,0,0,0,0,0,0.055888,0,0,0,0,0,0,0,0,0,0
0,0,0.030463,0,0.25589,0,0,0,0,0.67994,0,0,0,0,0,0,0.0097482,0,0,0,0,0,0.023964,0,0,0,0
0,0,0.049868,0,0.11258,0,0,0,0,0.51983,0.012089,0,0,0,0,0,0.30412,0,0,0.00037779,0,0.00037779,0.00075557,0,0,0,0
0,0,0.76213,0,0.0074667,0,0,0.0224,0,0.14027,0.0021333,0,0,0,0,0,0.059733,0,0,0,0,0,0,0.0058667,0,0,0
0,0,0.51248,0,0,0,0.00021327,0,0,0.37577,0,0,0,0,0,0,0.11154,0,0,0,0,0,0,0,0,0,0
0,0,0.00029608,0,0,0,0,0,0,0.9997,0,0,0,0,0,0,0,0,0,0,0,0,0,0,0,0,0
0.0087719,0,0,0,0.85088,0,0,0,0,0.13158,0.0087719,0,0,0,0,0,0,0,0,0,0,0,0,0,0,0,0
0.001281,0,0.034372,0,0.21413,0,0,0.00021349,0,0.36315,0.036507,0.0010675,0,0,0,0,0.34308,0,0.00021349,0.0017079,0.00021349,0.00021349,0.0038429,0,0,0,0
0,0,0.87999,0,0.014536,0,0,0,0,0.071562,0,0,0,0,0,0,0.033545,0,0,0,0,0,0.00037272,0,0,0,0
0,0,0.22757,0,0.0053156,0,0,0,0,0.58405,0.0039867,0,0,0,0,0,0.17907,0,0,0,0,0,0,0,0,0,0
0,0,0.0001885,0,0,0,0,0,0,0.99981,0,0,0,0,0,0,0,0,0,0,0,0,0,0,0,0,0
0,0,0.0010551,0,0.66658,0,0,0,0,0.27486,0,0,0,0,0,0,0.037985,0,0,0,0,0,0.01952,0,0,0,0
0.00026448,0,0.01772,0,0.34779,0,0,0,0,0.25813,0.049458,0.0010579,0,0,0,0,0.32425,0,0,0,0.00052896,0.00052896,0.00026448,0,0,0,0
0,0,0.1648,0,0.19058,0,0,0,0,0.35762,0.030269,0.0056054,0,0,0,0,0.24103,0,0,0,0,0,0.0078475,0,0.0022422,0,0
0,0,0.57172,0,0.0043235,0,0,0.00025432,0,0.22075,0.00050865,0,0,0,0,0,0.20244,0,0,0,0,0,0,0,0,0,0
0,0,0,0,0,0,0,0,0,1,0,0,0,0,0,0,0,0,0,0,0,0,0,0,0,0,0
0,0,0.047052,0,0.21877,0,0,0.00081125,0,0.36398,0.01271,0,0,0,0,0,0.34694,0,0,0,0,0.0094646,0.00027042,0,0,0,0
0,0,0.00024988,0,0,0,0,0,0,0.99925,0,0,0,0,0,0,0.00049975,0,0,0,0,0,0,0,0,0,0
0,0,0.0016493,0,0.7867,0,0,0,0,0.1028,0,0,0,0,0,0,0.10445,0,0,0,0,0,0.004398,0,0,0,0
0,0,0.049651,0,0.20706,0,0,0,0,0.37734,0.062155,0.00036778,0,0,0,0,0.2865,0,0,0.0069879,0,0.0088268,0.0011033,0,0,0,0
0.0022523,0,0.76622,0,0.023874,0,0,0,0,0.16667,0.0027027,0,0,0,0,0,0.038288,0,0,0,0,0,0,0,0,0,0
0,0,0.4988,0,0.0030048,0,0,0,0,0.38792,0.0021034,0,0,0,0,0,0.10817,0,0,0,0,0,0,0,0,0,0
0,0,0,0,1,0,0,0,0,0,0,0,0,0,0,0,0,0,0,0,0,0,0,0,0,0,0
0,0,0.045354,0,0.21018,0,0,0,0.016593,0.24336,0,0,0,0,0,0,0.48451,0,0,0,0,0,0,0,0,0,0
0.00033043,0,0.0080405,0,0.0019826,0,0,0,0,0.98921,0,0,0,0,0,0,0.00044058,0,0,0,0,0,0,0,0,0,0
0.00016384,0,0.0015292,0,0.52343,0,0,0,0,0.36909,0.00016384,0,0,0,0,0,0.012725,0,0,0,0,0,0.091862,0,0.0010377,0,0
8.9071e-05,0,0.047208,0,0.20362,0,0,0.00026721,0,0.40652,0.058787,0.00026721,0,0,0,0,0.26508,0,0,0.00026721,0,0.017191,0.00071257,0,0,0,0
0,0,0.12036,0,0.080775,0,0,0.089661,0,0.37237,0.076737,0,0,0,0,0,0.2601,0,0,0,0,0,0,0,0,0,0
0,0,0.38153,0,0.026614,0,0,0.011637,0,0.5229,0.0028014,0,0,0,0,0,0.053658,0,0,0.00010775,0,0,0.00053874,0,0.00021549,0,0
0,0,0.0039283,0,0.00015713,0,0,0,0,0.99442,0,0,0,0,0,0,0.0014142,0,0,0,0,0,7.8567e-05,0,0,0,0
0.00034754,0,0.00011585,0,0.73494,0,0,0,0,0.23054,0,0,0,0,0,0,0.031279,0,0,0,0,0,0.0019694,0,0.00081094,0,0
0,0,0.025856,0,0.30147,0,0,0.0006358,0,0.48172,0.031896,0.0011656,0,0,0,0,0.15492,0,0,0.00084773,0,0.0014835,0,0,0,0,0
0,0,0.68468,0,0.061809,0,0.0086593,0.013735,0,0.12063,0.015826,0.0017916,0,0,0,0,0.092864,0,0,0,0,0,0,0,0,0,0
0,0,0.76221,0,0.0019624,0,0,0.0019624,0,0.22406,0.00080803,0,0,0,0,0,0.0090038,0,0,0,0,0,0,0,0,0,0
0,0,0.00045956,0,0.81572,0,0,0,0,0.17142,0,0,0,0,0,0,0.0055147,0,0,0,0,0,0.0068934,0,0,0,0
0.0028467,0,0.11468,0,0.19642,0,0,0,0,0.4087,0.028874,0.00040667,0,0,0,0,0.23831,0,0.00040667,0.0056934,0,0.0016267,0.0020333,0,0,0,0
0,0,0.17687,0,0.29932,0,0,0,0,0.34354,0,0,0,0,0,0,0.17687,0,0,0,0,0,0.0034014,0,0,0,0
0,0,0.0006502,0,0.72871,0,0,0,0,0.19392,0,0,0,0,0,0,0.076398,0,0,0,0,0,0.0003251,0,0,0,0
0,0,0.017637,0,0.34447,0,0,0,0,0.27329,0.08998,0.0007804,0,0,0,0,0.2562,0,0.0069455,0.0053067,0.00031216,0.001951,0.0031216,0,0,0,0
0.025862,0,0.26724,0.025862,0.24138,0,0,0,0,0.077586,0.034483,0,0,0,0,0,0.32759,0,0,0,0,0,0,0,0,0,0
0,0,0.15086,0,0.0045714,0,0,0,0,0.83329,0.0015714,0,0,0,0,0,0.0095714,0,0,0,0,0,0.00014286,0,0,0,0
0,0,0.00035093,0,0.0081415,0,0,0,0,0.99102,0,0,0,0,0,0,0.0004913,0,0,0,0,0,0,0,0,0,0
0.00027632,0,0,0,0.8016,0,0,0,0,0.15557,0,0,0,0,0,0,0.041172,0,0,0,0,0,0.0013816,0,0,0,0
0.00025517,0,0.0089308,0,0.26869,0,0,0,0,0.38581,0.10717,0.00025517,0,0,0,0,0.20311,0,0.00051033,0.0081653,0,0.0010207,0.016076,0,0,0,0
0,0,0.60489,0,0.14664,0,0,0.014257,0,0.081466,0,0,0,0,0,0,0.15275,0,0,0,0,0,0,0,0,0,0
0,0,0.58718,0,0.0073529,0,0,0.0017507,0,0.39006,0.0010504,0,0,0,0,0,0.012605,0,0,0,0,0,0,0,0,0,0
0,0,0,0,0.68236,0,0,0,0,0.31291,0,0,0,0,0,0,0.0042072,0,0,0,0,0,0.0005259,0,0,0,0
0.00026462,0,0.014819,0,0.18206,0,0,0,0,0.50569,0.10849,0.00026462,0,0,0,0,0.18074,0,0,0.0068801,0,0.00052924,0.00026462,0,0,0,0
0,0,0.36367,0,0.082218,0,0,0.0026769,0,0.34761,0,0,0,0,0,0,0.20382,0,0,0,0,0,0,0,0,0,0
0,0,0.70606,0,0.0040825,0,0,0,0,0.27245,0,0,0,0,0,0,0.017404,0,0,0,0,0,0,0,0,0,0
0.0002845,0,0.0091038,0,0.67141,0,0,0,0,0.22617,0,0,0,0.001707,0,0,0.085064,0,0,0,0,0,0.0045519,0,0.001707,0,0
0.00047562,0,0.029013,0,0.30345,0,0,0,0,0.3931,0.040428,0.00023781,0,0,0,0,0.21498,0,0,0.0080856,0.00047562,0.0021403,0.00761,0,0,0,0
0,0,0.81786,0,0.027551,0,0,0,0,0.093112,0.0012755,0,0,0,0,0,0.060204,0,0,0,0,0,0,0,0,0,0
0,0,0.53966,0,0.010403,0,0,0.029909,0,0.36931,0.0019506,0,0,0,0,0,0.048765,0,0,0,0,0,0,0,0,0,0
0.00016761,0,0,0,0.78831,0,0,0,0,0.15761,0,0,0,5.5869e-05,0,0,0.052349,0,0,0,0,0,0.001285,0,0.00022348,0,0
0,0,0.022297,0,0.3615,0,0,0,0,0.35071,0.076105,0.00010903,0,0,0,0,0.1805,0,0.00087227,0.00027258,0,0.00338,0.0038707,0.00038162,0,0,0
0,0,0.8186,0,0.026894,0,0,0.0027858,0,0.068038,0.0045002,0,0,0,0,0,0.079181,0,0,0,0,0,0,0,0,0,0
0,0,0.47471,0,0.0043353,0,0,0,0,0.21741,0.00040141,0,0,0,0,0,0.30315,0,0,0,0,0,0,0,0,0,0
0,0,0.0047913,0,0,0,0,0,0,0.98461,0,0,0,0,0,0,0.0046116,0,0,0,0,0,0.0059292,5.9891e-05,0,0,0
0,0,0,0,0.61224,0,0,0,0,0.35485,0,0,0,0,0,0,0.02499,0,0,0,0,0,0.0079134,0,0,0,0
0,0,0.011672,0,0.3193,0,0,0,0,0.33306,0.11046,0.00083368,0,0,0,0,0.20634,0,0.0012505,0.0095873,0,0.00083368,0.0066694,0,0,0,0
0,0,0.3913,0,0,0,0,0,0,0.47826,0.021739,0,0,0,0,0,0.1087,0,0,0,0,0,0,0,0,0,0
0,0,0.49961,0,0.015444,0,0,0,0,0.38456,0.0084942,0,0,0,0,0,0.091892,0,0,0,0,0,0,0,0,0,0
0,0,0.00069946,0,0.9156,0,0,0,0,0.075775,0,0,0,0,0,0,0.0046631,0,0,0,0,0,0.0032642,0,0,0,0
0.00050744,0,0.028417,0,0.29313,0,0,0.0033829,0,0.42862,0.045332,0.00033829,0,0,0,0,0.19689,0,0.00067659,0.00033829,0,0,0.0023681,0,0,0,0
0.0052151,0,0.29074,0,0.23077,0,0,0.040417,0,0.32334,0.0026076,0,0,0,0,0,0.092568,0,0,0,0,0,0.014342,0,0,0,0
0,0,0.32155,0,0.040602,0,0,0.0013098,0,0.30517,0.0085134,0,0,0,0,0,0.32155,0,0,0,0,0,0.0013098,0,0,0,0
0.016315,0,0.0003199,0,0.72809,0,0,0.017274,0,0.17722,0,0,0,0,0,0,0.045425,0,0,0,0,0,0.015355,0,0,0,0
0,0,0.014337,0,0.32463,0,0,0,0,0.39119,0.039939,0,0,0,0,0,0.22785,0,0,0.00051203,0,0.0010241,0.00051203,0,0,0,0
0,0,0.76877,0,0.021918,0,0,0.00054795,0,0.18192,0.00027397,0,0,0,0,0,0.026575,0,0,0,0,0,0,0,0,0,0
0,0,0.64161,0,0.0091455,0,0,0.0002858,0,0.29666,0,0,0,0,0,0,0.052301,0,0,0,0,0,0,0,0,0,0
0,0,0,0,0.78031,0,0,0,0,0.096171,0,0,0,0,0,0,0.11121,0,0,0,0,0,0.012306,0,0,0,0
0,0,0.017091,0,0.32508,0,0,0,0,0.37984,0.034182,0.00069759,0,0,0,0,0.22532,0,0.0048832,0.0055807,0,0.0041856,0.0031392,0,0,0,0
0.0031224,0,0.47669,0,0.12094,0,0,0,0,0.20774,0.0016653,0,0,0,0,0,0.18318,0,0,0,0,0,0.0066611,0,0,0,0
0,0,0.21796,0,0.0013696,0,0,0.00039131,0,0.41636,0.00019566,0,0,0,0,0,0.36373,0,0,0,0,0,0,0,0,0,0
0.0014611,0,0,0,0.80479,0,0,0,0,0.16102,0.017241,0,0,0,0,0,0.014027,0,0,0,0,0,0.0014611,0,0,0,0
0,0,0.040318,0,0.17922,0,0,0,0,0.24367,0.080047,0,0,0,0,0,0.45556,0,0,0.00088287,0,0.00029429,0,0,0,0,0
0,0,0.20104,0,0.044676,0,0,0.0022338,0,0.62956,0.0007446,0,0,0,0,0,0.12174,0,0,0,0,0,0,0,0,0,0
0,0,0.58745,0,0.031198,0,0,0,0,0.27282,0.0046465,0,0,0,0,0,0.10355,0,0,0.0003319,0,0,0,0,0,0,0
0.00072993,0,0.24672,0,0.57956,0,0,0,0,0.14416,0.027737,0,0,0,0,0,0,0,0,0,0,0,0.0010949,0,0,0,0
0,0,0.0082469,0,0.55231,0,0,0,0,0.38242,0,0,0,0,0,0,0.0377,0,0,0,0,0,0.01885,0,0.00047125,0,0
0,0,0.10098,0,0.11907,0,0,0,0,0.46345,0.014318,0.00075358,0,0,0,0,0.28561,0,0,0.010927,0.0026375,0.00075358,0.0015072,0,0,0,0
0.0002633,0,0.26553,0,0.062796,0,0,0.0002633,0,0.61006,0.00039494,0,0,0,0,0,0.058452,0,0,0,0,0,0.002238,0,0,0,0
0,0,0.00018886,0,0,0,0,0,0,0.99868,0,0,0,0,0,0,0.0011331,0,0,0,0,0,0,0,0,0,0
0,0,0,0,0.66351,0,0,0,0,0.31188,0,0,0,0.0003785,0,0,0.011355,0,0,0,0,0,0.011734,0,0.0011355,0,0
0,0,0.056629,0,0.13632,0,0,0.0006782,0,0.46728,0.040014,0,0,0,0,0,0.29434,0,0,0.0040692,0,0.0003391,0.0003391,0,0,0,0
0.0001744,0,0.52546,0,0.056156,0,0,0.0022672,0,0.32386,0.0003488,0,0,0,0,0,0.0797,0,0,0,0,0,0.012033,0,0,0,0
0,0,0.69201,0,0.0021014,0,0,0.00052535,0,0.29538,0.00039401,0,0,0,0,0,0.0094563,0,0,0,0,0,0.00013134,0,0,0,0
0.0005062,0,0.0002531,0,0.87396,0,0,0,0,0.08656,0,0,0,0.0020248,0,0,0.028094,0,0,0,0,0,0.0086054,0,0,0,0
0.00032206,0,0.047987,0,0.30757,0,0,0.0035427,0,0.29308,0.07343,0.0041868,0,0,0,0,0.24348,0,0,0.019968,0.0041868,0.00064412,0.0016103,0,0,0,0
0,0,0.44293,0,0.16033,0,0,0.032609,0,0.22826,0.013587,0,0,0,0,0,0.12228,0,0,0,0,0,0,0,0,0,0
0,0,0.75293,0,0.017404,0,0,0.00037836,0,0.21188,0.0015134,0,0,0,0,0,0.015134,0,0,0,0,0,0.00075672,0,0,0,0
0,0,0,0,0.0018848,0,0,0,0,0.99785,0,0,0,0,0,0,0.00026925,0,0,0,0,0,0,0,0,0,0
0,0,0.037023,0,0.85461,0,0,0,0,0.10066,0,0,0,0,0,0,0.0069418,0,0,0,0,0,0.00077131,0,0,0,0
0.00039047,0,0.025381,0,0.31863,0,0,0,0,0.27099,0.098399,0.00078094,0,0,0,0,0.26084,0,0.0015619,0.006638,0,0.0023428,0.014057,0,0,0,0
0,0,0.81139,0,0.042895,0,0,0.002947,0,0.10544,0.0068762,0,0,0,0,0,0.028487,0,0,0,0,0,0.0019646,0,0,0,0
0,0,0.7624,0,0.0035296,0,0,0.00037154,0,0.22088,0.0016719,0,0,0,0,0,0.011146,0,0,0,0,0,0,0,0,0,0
0,0,0.00037313,0,0.76716,0,0,0,0,0.19963,0,0,0,0.00018657,0,0,0.031903,0,0,0,0,0,0.00074627,0,0,0,0
0.00072294,0,0.02946,0,0.27851,0,0,0,0,0.53913,0.028375,0.0019881,0,0,0,0,0.11007,0,0.0010844,0.0061449,0.00018073,0.002711,0.0016266,0,0,0,0
0.0017819,0,0.58553,0,0.09943,0,0,0.007484,0,0.20919,0.0085531,0,0,0,0,0,0.0866,0.0014255,0,0,0,0,0,0,0,0,0
0.0016005,0,0.41997,0,0.0060819,0,0,0.0003201,0,0.3265,0,0,0,0,0,0,0.24552,0,0,0,0,0,0,0,0,0,0
0,0,0.00085288,0,0.82644,0,0,0,0,0.15096,0,0,0,0,0,0,0.020469,0,0,0,0,0,0.00085288,0,0.00042644,0,0
0,0,0.046834,0,0.14013,0,0,0,0,0.58599,0.044586,0,0,0,0,0,0.18172,0,0,0,0,0.00037467,0.00037467,0,0,0,0
0,0,0.59347,0,0.046737,0,0,0,0,0.34921,0,0,0,0,0,0,0.010582,0,0,0,0,0,0,0,0,0,0
0,0,0.38828,0,0.0044444,0,0,0,0,0.54343,0.00080808,0,0,0,0,0,0.06303,0,0,0,0,0,0,0,0,0,0
0,0,0.0068891,0,0.72625,0,0,0.00036258,0,0.2045,0,0,0,0,0,0,0.061639,0,0,0,0,0,0.00036258,0,0,0,0
0,0,0.036351,0,0.51372,0,0,0,0,0.35014,0.017147,0,0,0,0,0,0.068587,0,0,0.0096022,0.00034294,0.00068587,0.0034294,0,0,0,0
0,0,0.60294,0,0,0,0,0.11765,0,0.11765,0.014706,0,0,0,0,0,0.14706,0,0,0,0,0,0,0,0,0,0
0,0,0.30455,0,0.0075758,0,0,0,0,0.66818,0,0,0,0,0,0,0.019697,0,0,0,0,0,0,0,0,0,0
0,0,0.25,0,0.022727,0,0,0,0,0.11364,0,0,0,0,0,0,0.61364,0,0,0,0,0,0,0,0,0,0
0,0,0.52753,0,0.0022321,0,0,0,0,0.41592,0,0,0,0,0,0,0.054315,0,0,0,0,0,0,0,0,0,0
0,0,0.00034904,0,0.83316,0,0,0,0,0.14729,0,0,0,0,0,0,0.018499,0,0,0,0,0,0.00069808,0,0,0,0
0,0,0.00024869,0,0.94504,0,0,0,0,0.053718,0,0,0,0,0,0,0,0,0,0,0,0,0.00099478,0,0,0,0
0,0,0.012821,0,0.37077,0,0,0,0,0.34872,0.038462,0.00051282,0,0,0,0,0.21538,0,0.00051282,0.0010256,0,0.0015385,0.010256,0,0,0,0
0,0,0.26992,0,0.00072754,0,0,0,0,0.71917,0,0,0,0,0,0,0.010186,0,0,0,0,0,0,0,0,0,0
0,0,0.00087668,0,0.9474,0,0,0,0,0.033022,0,0,0,0,0,0,0.017826,0,0,0,0,0,0.00087668,0,0,0,0
0.00076249,0,0.0045749,0,0.2459,0,0,0,0,0.39116,0.098361,0,0,0,0,0,0.25734,0,0,0,0,0.001525,0.00038124,0,0,0,0
0,0,0.26984,0,0.12698,0,0,0,0,0.095238,0,0,0,0,0,0,0.50794,0,0,0,0,0,0,0,0,0,0
0,0,0.40917,0,0.010582,0,0,0,0,0.50265,0,0,0,0,0,0,0.077601,0,0,0,0,0,0,0,0,0,0
0,0,0.0017802,0,0.58789,0,0,0,0,0.40632,0,0,0,0,0,0,0.0035603,0,0,0,0,0,0.00044504,0,0,0,0
0.000408,0,0.01836,0,0.29906,0,0,0,0,0.28805,0.16034,0,0,0,0,0,0.22603,0,0.000408,0.005304,0.00081599,0.000408,0.00081599,0,0,0,0
0,0,0.3151,0,0.0061269,0,0,0.012035,0,0.57921,0.0010941,0,0,0,0,0,0.086433,0,0,0,0,0,0,0,0,0,0
0,0,0.64154,0,0.0022334,0,0,0.0011167,0,0.35036,0,0,0,0,0,0,0.004746,0,0,0,0,0,0,0,0,0,0
0,0,0,0,0.80033,0,0,0,0,0.18813,0,0,0,0,0,0,0.0094184,0,0,0,0,0,0.0021191,0,0,0,0
0.00060698,0,0.027011,0,0.13323,0,0,0,0,0.37026,0.058877,0.0015175,0,0,0,0,0.40819,0,0,0.00030349,0,0,0,0,0,0,0
0,0,0.24742,0,0.030928,0,0,0.2732,0,0.35567,0.010309,0,0,0,0,0,0.082474,0,0,0,0,0,0,0,0,0,0
0,0,0.44049,0,0.014297,0,0,0,0,0.49304,0,0,0,0,0,0,0.052164,0,0,0,0,0,0,0,0,0,0
0,0,0,0,0,0,0,0.00030139,0,0.9997,0,0,0,0,0,0,0,0,0,0,0,0,0,0,0,0,0
0,0,0.0074454,0,0.7104,0,0,0,0,0.25443,0,0,0,0,0,0,0.021823,0,0,0,0,0,0.0056483,0,0.00025674,0,0
0.00070126,0,0.030388,0,0.31931,0,0,0,0,0.46798,0.095372,0,0,0,0,0,0.073866,0,0.0011688,0.0023375,0,0,0.0088827,0,0,0,0
0,0,0.30476,0,0.07619,0,0,0.07619,0,0.15238,0,0,0,0,0,0,0.39048,0,0,0,0,0,0,0,0,0,0
0,0,0.10027,0,0.0068681,0,0,0.00091575,0,0.13462,0.0018315,0,0,0,0,0,0.75549,0,0,0,0,0,0,0,0,0,0
0,0,0.010919,0,0.36809,0,0,0,0,0.51286,0,0,0,0,0,0,0.10638,0,0,0,0,0,0.0010567,0,0.00070447,0,0
0,0,0.043938,0,0.32838,0,0,0,0,0.47175,0.035018,0,0,0,0,0,0.10869,0,0.00033036,0.00066072,0,0.0062768,0.0049554,0,0,0,0
0.0010449,0,0.48903,0,0.0083595,0,0,0.0041797,0,0.47335,0.0010449,0,0,0,0,0,0.022989,0,0,0,0,0,0,0,0,0,0
0,0,0.00074981,0,0.45614,0,0,0.00049988,0,0.53087,0,0,0,0,0,0,0.0097476,0,0,0,0,0,0.0019995,0,0,0,0
0.0005237,0,0.022519,0,0.21629,0,0,0,0,0.36973,0.032993,0,0,0,0,0,0.3548,0,0.0005237,0.00078555,0.00026185,0.0010474,0.0005237,0,0,0,0
0,0.044444,0.24444,0,0.044444,0,0,0,0,0.37778,0,0,0,0,0,0,0.28889,0,0,0,0,0,0,0,0,0,0
0,0.00039139,0.24736,0,0,0,0,0.00039139,0,0.10137,0,0,0,0,0,0,0.65049,0,0,0,0,0,0,0,0,0,0
0.00022056,0,0.00022056,0,0.53727,0,0,0,0,0.39943,0,0,0,0.00066167,0,0,0.011028,0,0,0,0,0,0.029554,0,0.021614,0,0
0.00075873,0,0.020486,0,0.29262,0,0,0.00075873,0,0.44208,0.090035,0,0,0,0,0,0.152,0,0,0.00075873,0,0.00050582,0,0,0,0,0
0,0,0.21488,0,0.014463,0,0,0,0,0.1095,0.010331,0,0,0,0,0,0.65083,0,0,0,0,0,0,0,0,0,0
0,0,0.48948,0,0.013229,0,0,0,0,0.18942,0,0,0,0,0,0,0.30667,0,0,0.00060132,0,0.00060132,0,0,0,0,0
0,0,0,0,0,0,0,0,0,0.99934,0,0,0,0,0,0,0.00066007,0,0,0,0,0,0,0,0,0,0
0,0,0.0003068,0,0,0,0,0,0,0.99969,0,0,0,0,0,0,0,0,0,0,0,0,0,0,0,0,0
0,0,0.49126,0,0.03345,0,0,0.0094858,0,0.1967,0.011982,0,0,0,0,0.005991,0.25112,0,0,0,0,0,0,0,0,0,0
0,0,0.0030422,0,0.82116,0,0,0,0,0.17232,0,0,0,0,0,0,0.0023903,0,0,0,0,0,0.00043459,0,0.00065189,0,0
0,0,0.88158,0,0,0,0,0,0,0.092105,0,0,0,0,0,0,0.026316,0,0,0,0,0,0,0,0,0,0
0,0,0.62815,0,0.0043727,0,0,0.00016818,0,0.34914,0,0,0,0,0,0,0.018163,0,0,0,0,0,0,0,0,0,0
0,0,0.13111,0,0.12576,0,0,0.00051822,0,0.57955,0.03593,0.00034548,0,0,0,0,0.12437,0,0,0,0,0.0013819,0.0010364,0,0,0,0
0.00080613,0,0.00060459,0,0.77368,0,0,0,0,0.15921,0,0,0,0,0,0,0.062878,0,0,0,0,0,0.0028214,0,0,0,0
0,0,0.17741,0,0.19692,0,0,0.0059137,0,0.22058,0.068007,0,0,0,0,0,0.33116,0,0,0,0,0,0,0,0,0,0
0,0,0.021078,0,0.35472,0,0,0,0,0.5539,0.0001334,0,0,0,0,0,0.00040021,0,0,0,0.00026681,0,0.064568,0,0.004936,0,0
0,0,0.027022,0,0.3454,0,0,0,0,0.34817,0.020613,0.0041573,0,0,0,0,0.24961,0,0.00051966,0.0027715,0.00017322,0.0008661,0.00069288,0,0,0,0
0,0,0.57748,0,0.0021825,0,0,0,0,0.41292,0,0,0,0,0,0,0.0074203,0,0,0,0,0,0,0,0,0,0
0,0,0.00050243,0,0.00050243,0,0,0.00016748,0,0.99447,0,0,0,0,0,0,0.0043544,0,0,0,0,0,0,0,0,0,0
0,0,0.042575,0,0.29169,0,0,0,0,0.40522,0.012418,0,0,0,0,0,0.24709,0,0,0.0010137,0,0,0,0,0,0,0
0,0,0.33951,0,0.047789,0,0,0,0,0.37375,0.0071327,0,0,0,0,0,0.23181,0,0,0,0,0,0,0,0,0,0
0,0,0.88932,0,0.0007529,0,0,0,0,0.10405,0.00015058,0,0,0,0,0,0.005722,0,0,0,0,0,0,0,0,0,0
0,0,0.00082338,0,0.70585,0,0,0,0,0.27151,0,0,0,0,0,0,0.019144,0,0,0,0,0,0.0018526,0,0.00082338,0,0
0,0,0.746,0,0.02,0,0,0,0,0.153,0,0,0,0,0,0,0.076,0,0,0,0,0,0.005,0,0,0,0
0,0.016541,0.44511,0,0.016541,0,0,0.02406,0,0.35489,0.0082707,0,0,0,0,0,0.12331,0,0,0,0,0,0.011278,0,0,0,0
0,0,0.72894,0,0.010209,0,0,0.0063808,0,0.21286,0.0048494,0,0,0,0,0,0.036753,0,0,0,0,0,0,0,0,0,0
0,0,0.26817,0,0.010258,0,0,0.0079132,0,0.67556,0.0029308,0,0,0,0,0,0.03517,0,0,0,0,0,0,0,0,0,0
0,0,0,0,0.00063847,0,0,0.00031923,0,0.96919,0.00015962,0,0,0,0,0,0.015962,0,0,0,0,0,0.013727,0,0,0,0
0.00019755,0,0.12584,0,0.19913,0,0,0.0047412,0,0.47629,0.013631,0,0,0,0,0,0.17503,0,0,0,0,0,0.0051363,0,0,0,0
0,0,0.0010707,0,0.86296,0,0,0,0,0.081982,0,0,0,0,0,0,0.049862,0,0,0,0,0,0.0041297,0,0,0,0
0,0,0.025265,0,0.23216,0,0,0.0092182,0,0.43223,0.071697,0,0,0,0,0,0.2267,0,0,0,0,0.0027313,0,0,0,0,0
0,0,0.89408,0,0.0085341,0,0.002008,0.002008,0,0.066265,0,0,0,0,0,0,0.027108,0,0,0,0,0,0,0,0,0,0
0,0,0.9715,0,0.00023359,0,0,0,0,0.014716,0,0,0,0,0,0,0.013548,0,0,0,0,0,0,0,0,0,0
0,0,0.53888,0,0.01296,0,0.00092574,0.0010286,0,0.33162,0.0015429,0,0,0,0.0005143,0,0.11171,0,0,0.00082288,0,0,0,0,0,0,0
0,0,0.0023684,0,0.00078947,0,0,0.00052632,0,0.98632,0,0,0,0,0,0,0.01,0,0,0,0,0,0,0,0,0,0
0.0006475,0,0.0009065,0,0.52383,0,0,0,0,0.41116,0,0,0,0.0001295,0,0,0.063326,0,0,0,0,0,0,0,0,0,0
0,0,0.65268,0,0.00094536,0,0,0.00075629,0,0.3409,0.00075629,0,0,0,0,0,0.0039705,0,0,0,0,0,0,0,0,0,0
0.00094572,0,0.0011349,0,0.45073,0,0,0.0081332,0,0.46472,0,0,0,0,0,0,0.052204,0,0,0,0,0,0.02213,0,0,0,0
0.0014623,0,0.033449,0,0.41364,0,0,0,0,0.31457,0.036556,0,0,0,0,0,0.18114,0,0.00073113,0.0038384,0,0.0051179,0.0095047,0,0,0,0
0,0,0.032739,0,0.29246,0,0,0,0,0.52418,0.026087,0.0009957,0,0,0,0,0.086745,0,0.014537,0.00055759,0,0.0044209,0.017285,0,0,0,0
0,0,0.87064,0,0.0063358,0,0,0,0,0.054382,0.001056,0,0,0,0,0,0.067054,0,0,0.00052798,0,0,0,0,0,0,0
0,0,0.4315,0,0.0099296,0,0,0,0,0.51081,0.003268,0,0,0,0,0,0.044369,0,0,0,0,0,0,0.00012569,0,0,0
3.0215e-05,0,0.012841,0,0.82907,0,0,0,0,0.11174,0,0,0,0.001269,0,0,0.04499,0,0,0,0,0,6.043e-05,0,0,0,0
0.00014732,0,0,0,0.68798,0,0,0,0,0.28491,0,0,0,0,0,0,0.024013,0,0,0,0,0,0.0029464,0,0,0,0
0,0,0.038648,0,0.17522,0,0,0,0,0.63744,0.019411,0,0,0,0,0,0.12929,0,0,0,0,0,0,0,0,0,0
0,0,0,0,0,0,0,0,0,0.99931,0,0,0,0,0,0,0.00022904,0,0,0,0,0,0.00045809,0,0,0,0
0,0,0.029219,0,0.14222,0,0,0,0,0.47913,0.02743,0,0,0,0,0,0.29636,0,0,0.0020871,0,0.023256,0.00029815,0,0,0,0
0,0,0.75078,0,0.0018248,0,0,0,0,0.23749,0.00026069,0,0,0,0,0,0.0088634,0,0,0,0,0,0,0.00078206,0,0,0
0.0010602,0,0.0006626,0,0.67585,0,0,0,0,0.27087,0,0,0,0.00026504,0,0,0.04837,0,0,0,0,0,0.0029155,0,0,0,0
0.00020631,0,0.72911,0,0.0024758,0,0,0,0,0.26387,0.0010316,0,0,0,0,0,0.003301,0,0,0,0,0,0,0,0,0,0
0,0,0.00017194,0,0.98556,0,0,0,0,0.012036,0,0,0,0,0,0,0.0013755,0,0,0,0,0,0.0008597,0,0,0,0
0,0,0.62692,0,0.0024991,0,0,0.00071403,0,0.14066,0.0017851,0,0,0,0,0,0.22742,0,0,0,0,0,0,0,0,0,0
0,0,0.86096,0,0.00066845,0,0,0,0,0.074866,0.00044563,0,0,0,0,0,0.063057,0,0,0,0,0,0,0,0,0,0
0.0023511,0,0.0015674,0,0.62892,0,0,0,0,0.31818,0.00019592,0,0,0.0013715,0,0,0.016458,0,0,0,0.00039185,0,0.030564,0,0,0,0
0,0,0.13609,0,0.17368,0,0,0.00012405,0,0.65302,0.0079395,0,0,0,0,0,0.02816,0,0,0.00049622,0,0.00024811,0.00024811,0,0,0,0
0.00037722,0,0,0,0.74877,0,0,0,0,0.21388,0,0,0,0,0,0,0.0033949,0,0,0,0,0,0.032818,0,0.00075443,0,0
0,0,0.059667,0,0.19987,0,0,0,0,0.50505,0.015977,0,0,0,0,0,0.21389,0,0,0,0,0.0055429,0,0,0,0,0
0,0,0.68533,0,0.0007401,0,0,0.0002467,0,0.26631,0,0,0,0,0,0,0.047366,0,0,0,0,0,0,0,0,0,0
0,0,0.0027832,0,0.0015308,0,0,0,0,0.99402,0,0,0,0,0,0,0.0015308,0,0,0,0,0,0.00013916,0,0,0,0
0,0,0.010675,0,0.50307,0,0,0,0,0.45423,0,0,0,0.00053376,0,0,0.0048038,0,0,0,0,0,0.026154,0,0.00053376,0,0
0,0,0.042275,0,0.15693,0,0,0,0,0.61892,0.03528,0,0,0,0,0,0.14538,0,0,0.00091241,0,0,0.00030414,0,0,0,0
0,0,0.80324,0,0.042889,0,0.00037622,0.0037622,0,0.099323,0.0097818,0,0,0,0,0,0.040632,0,0,0,0,0,0,0,0,0,0
0,0,0.62987,0,0.0165,0,0,0.001125,0,0.16738,0.0005,0,0,0,0,0,0.18388,0,0,0,0.000625,0,0,0.000125,0,0,0
0,0,0.0010917,0,0.81086,0,0,0,0,0.16403,0,0,0,0,0,0,0.010098,0,0,0,0,0,0.013646,0,0.00027293,0,0
0.00027617,0,0.06628,0,0.18117,0,0,0,0,0.49296,0.035073,0,0,0,0,0,0.20989,0,0,0.0093897,0.0008285,0.0008285,0.003314,0,0,0,0
0,0,0.68799,0,0.03681,0,0,0.02454,0,0.18668,0.0052585,0,0,0,0,0,0.049956,0,0,0.0087642,0,0,0,0,0,0,0
0,0,0.80983,0,0.0027829,0,0,0,0,0.15816,0,0,0,0,0,0,0.027829,0,0,0.0013915,0,0,0,0,0,0,0
0.0029674,0,0.007913,0,0.432,0,0,0,0,0.42359,0,0,0,0,0,0,0.0056874,0,0,0,0,0,0.081355,0,0.046489,0,0
0.00024462,0,0.071918,0,0.23557,0,0,0,0,0.53474,0.064579,0.00024462,0,0,0,0,0.08953,0,0,0.0017123,0,0.0014677,0,0,0,0,0
0,0,0.33278,0,0.11614,0,0,0.011532,0,0.45058,0.0024712,0,0,0,0,0,0.067545,0,0,0,0,0,0.015651,0,0.0032949,0,0
0.00075758,0,0.61086,0,0.0040404,0,0,0.016919,0,0.35859,0.0017677,0,0,0,0,0,0.0063131,0,0,0.00025253,0,0,0.00050505,0,0,0,0
0,0,0.0037551,0,0.00086655,0,0,0,0,0.93385,0,0,0,0,0,0,0.061525,0,0,0,0,0,0,0,0,0,0
0.00067002,0,0.00033501,0,0.67906,0,0,0,0,0.26365,0,0,0,0.00033501,0,0,0.01139,0,0,0,0,0,0.036516,0,0.0080402,0,0
0,0,0.029132,0,0.37698,0,0,0,0,0.44621,0.040381,0.0017306,0,0,0,0,0.098067,0,0,0.0049034,0.00028843,0.0008653,0.0011537,0,0.00028843,0,0
0,0.0052356,0.35995,0,0.27356,0,0,0,0,0.28141,0,0,0,0,0,0,0.05301,0,0,0,0,0,0.015707,0.010471,0.00065445,0,0
0,0,0.8334,0,0.012515,0,0,0.00078217,0,0.14314,0.00078217,0,0,0,0,0,0.0050841,0,0,0,0,0,0.00039108,0.0035197,0.00039108,0,0
0,0,0,0,0.75206,0,0,0.0058754,0,0.2215,0,0,0,0,0,0,0.020564,0,0,0,0,0,0,0,0,0,0
0,0,0.025546,0,0.21681,0,0,0,0,0.36739,0.034286,0,0,0,0,0,0.35429,0,0,0.0013445,0,0,0.00033613,0,0,0,0
0,0,0.00055633,0,0.77969,0,0,0,0,0.063978,0.00027816,0,0,0,0,0,0.15494,0,0,0,0,0,0.00055633,0,0,0,0
0,0,0.038361,0,0.30454,0,0,0,0,0.35177,0.064196,0,0,0,0,0,0.23982,0,0,0,0,0.0010438,0.00026096,0,0,0,0
0,0,0.35556,0,0.30556,0,0,0,0,0.12222,0.0055556,0,0,0,0,0,0.21111,0,0,0,0,0,0,0,0,0,0
0,0,0.30261,0,0.022023,0,0,0,0,0.29201,0,0,0,0,0,0,0.38336,0,0,0,0,0,0,0,0,0,0
0,0,0,0,0.479,0,0,0.019314,0,0.49493,0,0,0,0,0,0,0.0028972,0,0,0,0,0,0.0038629,0,0,0,0
0,0,0.044386,0,0.18179,0,0,0,0,0.55581,0.06201,0,0,0,0,0,0.12304,0,0,0.027089,0.0058747,0,0,0,0,0,0
0,0.0003308,0.74909,0,0.0028118,0,0,0.0004962,0,0.23735,0,0,0,0,0,0,0.0099239,0,0,0,0,0,0,0,0,0,0
0,0,0,0,0.97311,0,0,0,0,0.026097,0,0,0,0,0,0,0,0,0,0,0,0,0.00079083,0,0,0,0
0.00020855,0,0.049844,0,0.2903,0,0,0,0,0.39041,0.048175,0,0,0,0,0,0.20813,0,0,0.011679,0.0004171,0,0.0008342,0,0,0,0
0,0,0,0,0.80072,0,0,0,0,0.1558,0,0,0,0,0,0,0.0016103,0,0,0,0,0,0.041868,0,0,0,0
0,0,0.013179,0,0.36966,0,0,0,0,0.2864,0.14561,0,0,0,0,0,0.17711,0,0,0.0045002,0,0.00064288,0.002893,0,0,0,0
0.00042808,0,0.023116,0,0.25428,0,0,0,0,0.64384,0,0,0,0.00085616,0,0,0.00042808,0,0,0,0,0,0.077055,0,0,0,0
0,0,0.041398,0,0.18724,0,0,0,0,0.39271,0.043297,0,0,0,0,0,0.33346,0,0,0.001899,0,0,0,0,0,0,0
0,0,0.86852,0,0.0011276,0,0,0.0011276,0,0.12833,0.00067659,0,0,0,0,0,0.00022553,0,0,0,0,0,0,0,0,0,0
0,0,0,0,0.89583,0,0,0,0,0.082386,0,0,0,0,0,0,0.0059975,0,0,0,0,0,0.015783,0,0,0,0
0,0,0.13243,0,0.18768,0,0,0,0,0.44454,0.030789,0,0,0,0,0,0.20287,0,0,0.00084353,0,0,0.00084353,0,0,0,0
0,0,0,0,0,0,0,0,0,1,0,0,0,0,0,0,0,0,0,0,0,0,0,0,0,0,0
0,0,0,0,0,0,0,0,0,0,0,0,0,0,0,0,1,0,0,0,0,0,0,0,0,0,0
0,0,0.0044455,0,0.5468,0,0,0,0.00024697,0.37639,0,0,0,0,0,0,0.032601,0,0,0,0,0,0.031613,0,0.0079032,0,0
0.00025747,0,0.015705,0,0.31462,0,0,0,0,0.42379,0.012873,0,0,0,0,0,0.23249,0,0,0,0,0,0.00025747,0,0,0,0
0.001996,0,0.27545,0,0.10778,0,0,0,0,0.44711,0,0,0,0,0,0,0.13373,0,0,0,0,0,0.013972,0.01996,0,0,0
0,0,0.63813,0,0.066698,0,0,0,0,0.28382,0.00047304,0,0,0,0,0,0.010407,0,0,0,0,0,0.00047304,0,0,0,0
0,0,0.00033898,0,0.79763,0,0,0,0,0.19356,0,0,0,0,0,0,0.0061017,0,0,0,0,0,0.0023729,0,0,0,0
0,0,0.019411,0,0.23857,0,0,0,0,0.53319,0.086725,0,0,0,0,0,0.12148,0,0,0.00031309,0,0,0.00031309,0,0,0,0
0,0,0,0,0,0,0,0,0,0,0,0,0,0,0,0,1,0,0,0,0,0,0,0,0,0,0
0,0,0.92895,0,0.0035524,0,0,0,0,0.063277,0.00022202,0,0,0,0,0,0.0039964,0,0,0,0,0,0,0,0,0,0
0,0,0.0021086,0,0.53506,0,0,0.0089615,0,0.38956,0,0,0,0,0,0,0.056405,0,0,0,0,0,0.0079072,0,0,0,0
0,0,0.06709,0,0.19341,0,0,0.00060441,0,0.37776,0.04926,0,0,0,0,0,0.30946,0,0,0.0024176,0,0,0,0,0,0,0
0.00015886,0,0.81366,0,0.013026,0,0,0.014138,0,0.12137,0.00031771,0,0,0,0,0,0.037014,0,0,0,0,0,0.00031771,0,0,0,0
0,0,0.0019077,0,0.61694,0,0,0,0,0.36475,0,0,0,0,0,0,0.01488,0,0,0,0,0,0.0015261,0,0,0,0
0,0,0.061404,0,0.22553,0,0,0,0,0.41482,0.0247,0,0,0,0,0,0.27308,0,0,0.00023084,0.00023084,0,0,0,0,0,0
0,0,0,0,0,0,0,0,0,0.99951,0,0,0,0,0,0,0.00048956,0,0,0,0,0,0,0,0,0,0
0,0,0.0034503,0,0.65842,0,0,0,0,0.33583,0,0,0,0,0,0,0,0,0,0,0,0,0.0023002,0,0,0,0
0,0,0.037659,0,0.19263,0,0,0.0018965,0,0.31753,0.049038,0,0,0,0,0,0.40125,0,0,0,0,0,0,0,0,0,0
0,0,0.29621,0,0.0066815,0,0,0.0066815,0,0.67261,0,0,0,0,0,0,0.017817,0,0,0,0,0,0,0,0,0,0
0,0,0,0,0.0004717,0,0,0,0,0.99953,0,0,0,0,0,0,0,0,0,0,0,0,0,0,0,0,0
0,0,0.0003427,0,0.90507,0,0,0,0,0.08122,0,0,0,0,0,0,0.011309,0,0,0,0,0,0.0020562,0,0,0,0
0,0,0.020934,0,0.17969,0,0,0,0,0.59589,0.035756,0,0,0,0,0,0.16721,0,0,0,0,0,0.00052009,0,0,0,0
0,0,0,0,0,0,0,0,0,0,0,0,0,0,0,0,1,0,0,0,0,0,0,0,0,0,0
0,0,0,0,0,0,0,0,0,1,0,0,0,0,0,0,0,0,0,0,0,0,0,0,0,0,0
0,0,0.00035524,0,0.94387,0,0,0,0,0.035524,0,0,0,0,0,0,0.017052,0,0,0,0,0,0.0031972,0,0,0,0
0,0,0.067623,0,0.12383,0,0,0,0,0.60041,0.055913,0,0,0,0,0,0.1493,0,0,0.0026347,0.00029274,0,0,0,0,0,0
0,0,0.61932,0,0.0034938,0,0,0,0,0.37156,0,0,0,0,0,0,0.0053167,0,0,0,0,0,0.00015191,0.00015191,0,0,0
0,0,0,0,0.00028043,0,0,0,0,0.99944,0,0,0,0,0,0,0.00028043,0,0,0,0,0,0,0,0,0,0
0,0,0.003669,0,0.53159,0,0,0,0,0.39747,0,0,0,0,0,0,0.065634,0,0,0,0,0,0.0016307,0,0,0,0
0,0,0.12264,0,0.1263,0,0,0,0,0.5955,0.013221,0,0,0,0,0,0.14065,0,0,0.0011252,0.00028129,0,0.00028129,0,0,0,0
0,0,0.9157,0,0,0,0,0,0,0.049887,0.00017382,0,0,0,0,0,0.034243,0,0,0,0,0,0,0,0,0,0
0,0,0,0,0.56618,0,0,0.00033091,0,0.42058,0,0,0,0,0,0,0.00033091,0,0,0,0,0,0.012574,0,0,0,0
0,0,0.015173,0,0.21005,0,0,0,0,0.42911,0.065434,0,0,0,0,0,0.26505,0,0,0.0099573,0.0018966,0,0.0033191,0,0,0,0
0,0,1,0,0,0,0,0,0,0,0,0,0,0,0,0,0,0,0,0,0,0,0,0,0,0,0
0,0,0.39423,0,0.014186,0,0,0.00049776,0,0.56098,0.006222,0,0,0,0,0,0.022399,0,0,0.00049776,0.00074664,0,0.00024888,0,0,0,0
0,0,0,0,0,0,0,0,0,1,0,0,0,0,0,0,0,0,0,0,0,0,0,0,0,0,0
0,0,0.00034855,0,0.61136,0,0,0,0,0.34437,0,0,0,0,0,0,0.030324,0,0,0,0,0,0.013594,0,0,0,0
0,0,0.045982,0,0.17469,0,0,0.00042974,0,0.45015,0.073485,0,0,0,0,0,0.25075,0,0,0.0040825,0,0,0.00042974,0,0,0,0
0,0,0.65153,0,0.002224,0,0,0.00058527,0,0.28643,0,0,0,0,0,0,0.05923,0,0,0,0,0,0,0,0,0,0
0,0,0.0091965,0,0.68974,0,0,0,0,0.14908,0.020329,0,0,0,0,0,0.12972,0,0,0,0,0,0.0019361,0,0,0,0
0,0,0.044563,0,0.26778,0,0,0,0,0.37572,0.059689,0,0,0,0,0,0.24816,0,0,0.0016353,0,0,0.002453,0,0,0,0
0,0,0,0,0,0,0,0,0,1,0,0,0,0,0,0,0,0,0,0,0,0,0,0,0,0,0
0,0,0.39423,0,0.0019231,0,0,0.00072115,0,0.57692,0.0036058,0,0,0,0,0,0.022596,0,0,0,0,0,0,0,0,0,0
0,0,0,0,0.56972,0,0,0,0,0.42393,0,0,0,0,0,0,0,0,0,0,0,0,0.0063551,0,0,0,0
0,0,0.04551,0,0.27428,0,0,0.00048674,0,0.30348,0.040886,0,0,0,0,0,0.32806,0,0,0.0068143,0.00048674,0,0,0,0,0,0
0,0,0.75201,0,0.0080412,0,0,0.00032165,0,0.22901,0.00032165,0,0,0,0,0,0.010293,0,0,0,0,0,0,0,0,0,0
0,0,0.00091617,0,0.0013743,0,0,0,0,0.99771,0,0,0,0,0,0,0,0,0,0,0,0,0,0,0,0,0
0,0,0,0,0.64589,0,0,0,0,0.3404,0,0,0,0,0,0,0.0054032,0,0,0,0,0,0.0083126,0,0,0,0
0,0,0.019598,0,0.36583,0,0,0,0,0.24573,0.046734,0,0,0,0,0,0.31558,0,0,0.0015075,0.0040201,0,0.001005,0,0,0,0
0,0,0.6748,0,0.0043376,0,0,0,0,0.31677,0.00037179,0,0,0,0,0,0.0037179,0,0,0,0,0,0,0,0,0,0
0.00033523,0,0.2179,0,0.5947,0,0,0,0,0.18639,0,0,0,0,0,0,0.00067047,0,0,0,0,0,0,0,0,0,0
0,0,0.00090552,0,0.61938,0,0,0,0,0.35859,0,0,0,0,0,0,0.015092,0,0,0,0,0,0.0060368,0,0,0,0
0,0,0.040534,0,0.14694,0,0,0,0,0.33026,0.049286,0,0,0,0,0,0.42883,0,0,0.0036849,0,0,0.00046062,0,0,0,0
0,0,0.94862,0,0.0035556,0,0,0.0062222,0,0.029511,0.00017778,0,0,0,0,0,0.010489,0,0,0,0,0,0.0014222,0,0,0,0
0,0,0.5,0,0.01118,0,0,0,0,0.48689,0,0,0,0,0,0,0.0019275,0,0,0,0,0,0,0,0,0,0
0,0,0.0053316,0,0.49983,0,0,0,0,0.47318,0,0,0,0,0,0,0.0036654,0,0,0,0,0,0.017994,0,0,0,0
0,0,0.010032,0,0.18155,0,0,0,0,0.43398,0.022006,0,0,0,0,0,0.35243,0,0,0,0,0,0,0,0,0,0
0,0,0,0,0,0,0,0,0,1,0,0,0,0,0,0,0,0,0,0,0,0,0,0,0,0,0
0,0,0.54471,0,0.081194,0,0,0.0008653,0,0.30891,0.023796,0,0,0,0,0,0.038362,0,0,0,0,0,0.0021633,0,0,0,0
0,0,0.0013249,0,0.77377,0,0,0,0,0.21696,0,0,0,0,0,0,0.0046373,0,0,0,0,0,0.0033124,0,0,0,0
0.00032185,0,0.0080463,0,0.29353,0,0,0.0025748,0,0.25555,0.025105,0,0,0,0,0,0.38816,0,0,0.022852,0.0032185,0,0.00064371,0,0,0,0
0,0,0.70351,0,0.0091699,0,0,0,0,0.26432,0.00016088,0,0,0,0,0,0.022844,0,0,0,0,0,0,0,0,0,0
0,0,0,0,0.00021044,0,0,0,0,0.99958,0,0,0,0,0,0,0.00021044,0,0,0,0,0,0,0,0,0,0
0.00032637,0,0.00032637,0,0.53982,0,0,0.00032637,0,0.4455,0,0,0,0.00032637,0,0,0.0048956,0,0,0,0,0,0.0084856,0,0,0,0
0,0,0.014715,0,0.28791,0,0,0,0,0.29015,0.013116,0,0,0,0,0,0.39379,0,0,0.0003199,0,0,0,0,0,0,0
0.00034459,0,0.1878,0,0.29083,0,0,0.00068918,0,0.39421,0.051861,0,0,0,0,0,0.069779,0,0,0.0025844,0.00051688,0,0.0013784,0,0,0,0
0,0,0,0,0,0,0,0,0,1,0,0,0,0,0,0,0,0,0,0,0,0,0,0,0,0,0
0,0,0,0,0.81514,0,0,0,0,0.13398,0,0,0,0,0,0,0.050886,0,0,0,0,0,0,0,0,0,0
0,0,0.033047,0,0.39965,0,0,0,0,0.29764,0.045605,0,0,0,0,0,0.20489,0,0,0.010795,0.0072703,0.00022031,0.00088125,0,0,0,0
0,0,0.43548,0,0.069892,0,0,0,0,0.15591,0,0,0,0,0,0,0.33871,0,0,0,0,0,0,0,0,0,0
0,0.00072289,0.78651,0,0.015904,0,0,0.00072289,0,0.17855,0.0012048,0,0,0,0,0,0.016386,0,0,0,0,0,0,0,0,0,0
0,0,0.00019685,0,0.00019685,0,0,0,0,0.99902,0,0,0,0,0,0,0.00059055,0,0,0,0,0,0,0,0,0,0
0,0,0.0010858,0,0.63807,0,0,0,0,0.3337,0,0,0,0,0,0,0.017734,0,0,0,0,0,0.0094101,0,0,0,0
0,0,0.013704,0,0.28922,0,0,0.00036062,0,0.30364,0.086909,0,0,0,0,0,0.30364,0,0,0.0021637,0,0,0.00036062,0,0,0,0
0,0,0.92418,0,0.0013203,0,0,0,0,0.066579,0.0013203,0,0,0,0,0,0.0066013,0,0,0,0,0,0,0,0,0,0
0,0,0.0025657,0,0.52053,0,0,0,0,0.4458,0,0,0,0,0,0,0.018602,0,0,0,0,0,0.012508,0,0,0,0
0,0,0.025149,0,0.16667,0,0,0,0,0.3295,0.055413,0,0,0,0,0,0.42327,0,0,0,0,0,0,0,0,0,0
0,0,0,0,0,0,0,0,0,0,0,0,0,0,0,0,1,0,0,0,0,0,0,0,0,0,0
0,0.00027571,0.76813,0,0.0013785,0,0,0,0,0.17563,0,0,0,0,0,0,0.054591,0,0,0,0,0,0,0,0,0,0
0,0,0.00044743,0,0,0,0,0,0,0.99821,0,0,0,0,0,0,0.0013423,0,0,0,0,0,0,0,0,0,0
0,0,0.001161,0,0.74923,0,0,0,0,0.20433,0,0,0,0,0,0,0.044118,0,0,0,0,0,0.001161,0,0,0,0
0,0,0.055793,0,0.23406,0,0,0.0001944,0,0.37558,0.058515,0,0,0,0,0,0.27469,0,0.0001944,0.0007776,0,0,0.0001944,0,0,0,0
0,0,0,0,0.66667,0,0,0,0,0.33333,0,0,0,0,0,0,0,0,0,0,0,0,0,0,0,0,0
0,0,0.48424,0,0.0027205,0,0,0.00022671,0,0.50555,0,0,0,0,0,0,0.0072546,0,0,0,0,0,0,0,0,0,0
0,0,0.00052493,0,0.0036745,0,0,0,0,0.99318,0.0010499,0,0,0,0,0,0.0015748,0,0,0,0,0,0,0,0,0,0
0,0,0,0,0.84068,0,0,0,0,0.15324,0.00030404,0,0,0,0,0,0.0021283,0,0,0,0,0,0.0027364,0,0.00091213,0,0
0.00029197,0,0.037956,0,0.2,0,0,0,0,0.23591,0.062482,0,0,0,0,0,0.46219,0,0,0.00087591,0,0,0.00029197,0,0,0,0
0,0,0,0,1,0,0,0,0,0,0,0,0,0,0,0,0,0,0,0,0,0,0,0,0,0,0
0,0,0.24489,0,0,0,0,0.00043039,0,0.74866,0,0,0,0,0,0,0.0060254,0,0,0,0,0,0,0,0,0,0
0,0,0.00024851,0,0,0,0,0.00024851,0,0.99901,0,0,0,0,0,0,0.00049702,0,0,0,0,0,0,0,0,0,0
0,0,0.00071994,0,0.78042,0,0,0,0,0.17783,0,0,0,0,0,0,0.039957,0,0,0,0,0,0.0010799,0,0,0,0
0,0,0.0071923,0,0.38147,0,0,0,0,0.23098,0.071369,0,0,0,0,0,0.29793,0,0,0.010788,0,0,0.00027663,0,0,0,0
0,0,0,0,0.77226,0,0,0,0,0.22591,0,0,0,0,0,0,0,0,0,0,0,0,0.0014599,0,0.00036496,0,0
0,0,0.014025,0,0.34552,0,0,0,0,0.23969,0.062473,0,0,0,0,0,0.33787,0,0,0.00042499,0,0,0,0,0,0,0
0.00042147,0,0.87187,0,0.020792,0,0,0.0021073,0,0.093987,0.0012644,0,0,0,0,0,0.0095532,0,0,0,0,0,0,0,0,0,0
0,0,0.0050019,0,0.0087069,0,0,0,0,0.97833,0.00074102,0,0,0,0,0,0.0072249,0,0,0,0,0,0,0,0,0,0
0,0,0.00027855,0,0.91142,0,0,0,0,0.080501,0,0,0,0,0,0,0.0061281,0,0,0,0,0,0.0016713,0,0,0,0
0,0,0.067769,0,0.25857,0,0,0,0,0.53973,0.028237,0,0,0,0,0,0.10569,0,0,0,0,0,0,0,0,0,0
0,0,0.63127,0,0.0041103,0,0,0.0018839,0,0.30348,0.0025689,0,0,0,0,0,0.056688,0,0,0,0,0,0,0,0,0,0
0,0,0.0010955,0,0.00036516,0,0,0,0,0.99471,0,0,0,0,0,0,0.0038342,0,0,0,0,0,0,0,0,0,0
0,0,0.00037779,0,0.85134,0,0,0,0,0.13563,0,0,0,0,0,0,0.012467,0,0,0,0,0,0.00018889,0,0,0,0
0,0,0.053405,0,0.093309,0,0,0,0,0.48755,0.047705,0,0,0,0,0,0.30813,0,0,0.0093009,0.00060006,0,0,0,0,0,0
0,0,0,0,0,0,0,0,0,1,0,0,0,0,0,0,0,0,0,0,0,0,0,0,0,0,0
0,0,0.00069565,0,0.71478,0,0,0,0,0.18783,0,0,0,0,0,0,0.095652,0,0,0,0,0,0.0010435,0,0,0,0
0,0,0.019262,0,0.20568,0,0,0,0,0.38916,0.052563,0,0,0,0,0,0.32844,0,0,0.0029383,0,0,0.0019589,0,0,0,0
0,0,0,0,0,0,0,0,0,1,0,0,0,0,0,0,0,0,0,0,0,0,0,0,0,0,0
0,0,0.88554,0,0.002508,0,0,0,0,0.073871,0.00068399,0,0,0,0,0,0.037392,0,0,0,0,0,0,0,0,0,0
0,0,0.0017528,0,0.00043821,0,0,0,0,0.99715,0,0,0,0,0,0,0.00043821,0,0,0,0,0,0.00021911,0,0,0,0
0,0,0,0,0.82432,0,0,0,0,0.14918,0,0,0,0,0,0,0.025702,0,0,0,0,0,0.00079491,0,0,0,0
0.0001806,0,0.037204,0,0.31678,0,0,0,0,0.53982,0.037565,0,0,0,0,0,0.049666,0,0,0.016435,0.00090302,0,0.0014448,0,0,0,0
0,0,0,0,0,0,0,0,0,1,0,0,0,0,0,0,0,0,0,0,0,0,0,0,0,0,0
0,0,0.96176,0,0.0013302,0,0,0.00033256,0,0.030928,0.00033256,0,0,0,0,0,0.0053209,0,0,0,0,0,0,0,0,0,0
0,0,0.027039,0,0.14479,0,0,0,0,0.78151,0.044483,0,0,0,0,0,0,0,0,0,0,0,0.0021805,0,0,0,0
0,0,0.00042132,0,0.743,0,0,0,0,0.21213,0,0,0,0,0,0,0.034969,0,0,0,0.00021066,0,0.009269,0,0,0,0
0,0,0.0194,0,0.18141,0,0,0.00050391,0,0.30511,0.042328,0,0,0,0,0,0.45125,0,0,0,0,0,0,0,0,0,0
0,0,1,0,0,0,0,0,0,0,0,0,0,0,0,0,0,0,0,0,0,0,0,0,0,0,0
0,0,0.00055672,0,0.00013918,0,0,0,0,0.99638,0,0,0,0,0,0,0.0029228,0,0,0,0,0,0,0,0,0,0
0,0,0,0,0.85632,0,0,0,0,0.091359,0.039041,0,0,0,0,0,0.012485,0,0,0,0,0,0.00079271,0,0,0,0
0,0,0.04772,0,0.24885,0,0,0,0,0.47402,0.053022,0,0,0,0,0,0.17391,0,0,0.0024744,0,0,0,0,0,0,0
0,0,0,0,0,0,0,0,0,0,0,0,0,0,0,0,1,0,0,0,0,0,0,0,0,0,0
0,0,0.00025536,0,0.81154,0,0,0,0,0.087334,0,0,0,0,0,0,0.098059,0,0,0,0,0,0.002809,0,0,0,0
0,0,0.045535,0,0.24145,0,0,0,0,0.51599,0.027765,0,0,0,0,0,0.16793,0,0,0.0011106,0,0,0.00022212,0,0,0,0
0,0,0,0,0,0,0,0,0,1,0,0,0,0,0,0,0,0,0,0,0,0,0,0,0,0,0
0,0,1,0,0,0,0,0,0,0,0,0,0,0,0,0,0,0,0,0,0,0,0,0,0,0,0
0,0,0,0,0,0,0,0,0,0.99891,0,0,0,0,0,0,0.0010917,0,0,0,0,0,0,0,0,0,0
0,0,0,0,0.78118,0,0,0,0,0.21611,0,0,0,0,0,0,0.0016269,0,0,0,0,0,0.0010846,0,0,0,0
0,0,0.035459,0,0.099497,0,0,0.025404,0,0.20773,0.065626,0,0,0,0,0,0.56496,0,0,0.00079386,0.00052924,0,0,0,0,0,0
0,0,0,0,0,0,0,0,0,0,1,0,0,0,0,0,0,0,0,0,0,0,0,0,0,0,0
0,0,0.83456,0,0.0010187,0,0,0.0010187,0,0.16055,0,0,0,0,0,0,0.0028525,0,0,0,0,0,0,0,0,0,0
0,0,0.00023552,0,0.88837,0,0,0,0,0.042157,0,0,0,0,0,0,0.069006,0,0,0,0,0,0.00023552,0,0,0,0
0,0,0.036145,0,0.21553,0,0,0,0,0.3276,0.078409,0,0,0,0,0,0.33926,0,0,0.0021037,0.00057372,0,0.00038248,0,0,0,0
0.00093414,0,0.46474,0,0.07333,0,0,0.0028024,0,0.2354,0.0088744,0,0,0,0,0,0.21252,0,0,0,0,0,0.00046707,0,0,0.00093414,0
0,0,0.001396,0,0.0062285,0,0,0,0,0.984,0,0,0,0,0,0,0.0068729,0,0,0,0,0,0.0015034,0,0,0,0
0,0,0.00025853,0,0.80765,0,0,0,0,0.18382,0,0,0,0,0,0,0.0059462,0,0,0,0,0,0.0023268,0,0,0,0
0,0,0.078706,0,0.12039,0,0,0.00043725,0,0.49031,0.062819,0,0,0,0,0,0.22868,0,0,0.016324,0.00087451,0,0.0014575,0,0,0,0
0,0,0,0,0,0,0,0,0,1,0,0,0,0,0,0,0,0,0,0,0,0,0,0,0,0,0
0,0,0.86236,0,0.00075491,0,0,0,0,0.070458,0,0,0,0,0,0,0.066432,0,0,0,0,0,0,0,0,0,0
0,0,0.010261,0,0.46176,0,0,0,0,0.48888,0,0,0,0,0,0,0.014415,0,0,0,0.00073296,0,0.023943,0,0,0,0
7.2124e-05,0,0.010097,0,0.25041,0,0,0,0,0.28489,0.087631,0,0,0,0,0,0.35896,0,0,0.0044717,0.00050487,0,0.0029571,0,0,0,0
0,0,0.4,0,0.4,0,0,0,0,0.2,0,0,0,0,0,0,0,0,0,0,0,0,0,0,0,0,0
0,0,0.00065512,0,0.00036851,0,0,0,0,0.99857,4.0945e-05,0,0,0,0,0,0.00036851,0,0,0,0,0,0,0,0,0,0
0,0,0.00020305,0,0.82619,0,0,0,0,0.077766,0,0,0,0,0,0,0.095838,0,0,0,0,0,0,0,0,0,0
0,0,0.0287,0,0.27286,0,0,0,0,0.42046,0.065191,0,0,0,0,0,0.19106,0,0,0.01517,0.00205,0,0.00369,0,0.00082001,0,0
0,0,0.35463,0,0.016275,0,0,0,0,0.58087,0.0032148,0,0,0,0,0,0.044806,0,0.00020092,0,0,0,0,0,0,0,0
0,0,0.63792,0,0.10216,0,0,0.00038795,0,0.23057,0.00025863,0,0,0,0,0,0.0023277,0,0,0,0,0,0.02638,0,0,0,0
0,0,0.084742,0,0.25011,0,0,0,0,0.44495,0.030559,0.00043346,0,0,0,0,0.18747,0,0,0.0013004,0,0.00021673,0.00021673,0,0,0,0
0,0,0.51799,0,0,0,0,0,0,0.32374,0,0,0,0,0,0,0.15827,0,0,0,0,0,0,0,0,0,0
0,0,0.00055494,0,0.00083241,0,0,0.00018498,0,0.99473,0,0,0,0,0,0,0.0036071,0,0,0,0,0,9.249e-05,0,0,0,0
0,0,0.022745,0,0.33586,0,0,0,0,0.46002,0.019102,0.0016739,0,0,0,0,0.15508,0,9.8464e-05,0.0041355,0,0.00049232,0.00078771,0,0,0,0
0,0,0,0,0.91482,0,0,0,0,0.067678,0.0058343,0,0,0,0,0,0.0093349,0,0,0,0,0,0.0023337,0,0,0,0
0,0,0.50873,0,0.068579,0,0,0,0,0.33541,0.037406,0,0,0,0,0,0.044888,0,0,0,0,0,0.0049875,0,0,0,0
0,0,0.067024,0,0.088472,0,0,0,0,0.61037,0.078642,0,0,0,0,0,0.1555,0,0,0,0,0,0,0,0,0,0
0,0,0.89355,0,0,0,0,0,0,0.03871,0,0,0,0,0,0,0.067742,0,0,0,0,0,0,0,0,0,0
0,0,0,0,0,0,0,0,0,1,0,0,0,0,0,0,0,0,0,0,0,0,0,0,0,0,0
0,0,9.3505e-05,0,6.2336e-05,0,0,0,0,0.99972,6.2336e-05,0,0,0,0,0,6.2336e-05,0,0,0,0,0,0,0,0,0,0
0,0,0.0032938,0,0.37747,0,0,0,0,0.59025,0,0,0,0,0,0,0.024374,0,0,0,0,0,0.0039526,0,0.00065876,0,0
0,0,0.76056,0,0.025352,0,0,0.011268,0,0.13239,0,0,0,0,0,0,0.050704,0,0,0,0,0,0.011268,0.0084507,0,0,0
0,0,8.6445e-05,0,0.0016425,0,0,6.4834e-05,0,0.99695,2.1611e-05,0,0,0,0,0,0.0012318,0,0,0,0,0,0,0,0,0,0
0,0,0.61444,0,0.015845,0,0,0.024648,0,0.079225,0,0,0,0,0,0,0.26585,0,0,0,0,0,0,0,0,0,0
0.00068244,0.00068244,0.65833,0,0.0013649,0,0,0,0.00068244,0.27207,0.00022748,0,0,0,0,0,0.065059,0,0,0,0,0,0.00090992,0,0,0,0
0,0,0.00046656,0,0.0007776,0,0,0.00046656,0,0.99253,0.00015552,0,0,0,0,0,0.0055988,0,0,0,0,0,0,0,0,0,0
0.0010714,0,0.0005844,0,0.5168,0,0,9.7399e-05,0,0.47307,0,0,0,0,0,0,0.0054544,0,0,0,0,0,0.002922,0,0,0,0
0,0,0.011132,0,0.33841,0,0,0,0,0.42045,0.026203,0.00068505,0,0,0,0,0.17554,0,0.0035965,0.0085631,0,0.0075355,0.0078781,0,0,0,0
0,0,0.00039656,0,0.84917,0,0,0,0,0.13351,0,0,0,0,0,0,0.01573,0,0,0,0,0,0.0011897,0,0,0,0
0,0,0.035975,0,0.00070771,0,0,0.00011795,0,0.9599,0,0,0,0,0,0,0.00011795,0,0,0,0,0,0.0031847,0,0,0,0
0,0,0.00013228,0,0.60992,0,0,0,0,0.38624,0,0,0,0,0,0,0.0013228,0,0,0,0,0,0.002381,0,0,0,0
0,0,0.0017575,0,0.30316,0,0,0,0,0.69156,0,0,0,0,0,0,0.0035149,0,0,0,0,0,0,0,0,0,0
0,0,0.17073,0,0.17073,0,0,0,0,0,0,0,0,0,0,0,0.65854,0,0,0,0,0,0,0,0,0,0
0.00042802,0,0.0028535,0,0.00057069,0,0,0,0,0.99515,0,0,0,0,0,0,0.00099872,0,0,0,0,0,0,0,0,0,0
0,0,0.0099573,0,0.32006,0,0,0,0,0.35562,0.14367,0,0,0,0,0,0.1707,0,0,0,0,0,0,0,0,0,0
0,0,0.029306,0,0.0024021,0,0,0,0,0.96301,0,0,0,0,0,0,0.0014413,0,0,0,0,0,0.0038434,0,0,0,0
0,0,0.063656,0,0.39371,0,0,0,0,0.41268,0.040596,0,0,0,0,0,0.082152,0,0,0.0060053,0,0,0.0012011,0,0,0,0
0,0,0.024609,0,0.26995,0,0,0,0,0.69053,0,0,0,0,0,0,0.011186,0,0,0,0,0,0.0037286,0,0,0,0
0,0,0.53194,0,0.10471,0,0,0,0,0.17277,0.11937,0,0,0,0,0,0.071204,0,0,0,0,0,0,0,0,0,0
0,0,0.69671,0,0.034155,0,0,0.0028249,0,0.24525,0.0059065,0,0,0,0,0,0.015152,0,0,0,0,0,0,0,0,0,0
0,0,0.0074557,0,0.44455,0,0,0,0,0.50699,0,0,0,0,0,0,0.040075,0,0,0,0,0,0.00093197,0,0,0,0
0,0,0.034513,0,0.17988,0,0,0,0.0014624,0.55981,0.025446,0,0,0,0,0,0.19889,0,0,0,0,0,0,0,0,0,0
0,0,0.023107,0,0.088575,0,0,0,0,0.5982,0.019255,0,0,0,0,0,0.27086,0,0,0,0,0,0,0,0,0,0
0,0,0.73829,0,0.0081784,0,0,0,0,0.057993,0.017844,0,0,0,0,0,0.1777,0,0,0,0,0,0,0,0,0,0
0,0,0.00013271,0,0.00013271,0,0,0.00066357,0,0.99429,0,0,0,0,0,0,0.0047777,0,0,0,0,0,0,0,0,0,0
0,0,0.010381,0,0.42907,0,0,0,0,0.55709,0,0,0,0,0,0,0,0,0,0,0,0,0.0034602,0,0,0,0
0,0,0.60655,0,0.012971,0,0,0,0,0.25201,0,0,0,0,0,0,0.12847,0,0,0,0,0,0,0,0,0,0
0,0,0,0,0.00049413,0,0,0.0025942,0,0.99666,0,0,0,0,0,0,0.00024707,0,0,0,0,0,0,0,0,0,0
0.00023992,0,0.0014395,0,0.45202,0,0,0,0,0.40451,0,0,0,0,0,0,0.14048,0,0,0,0,0,0.0013196,0,0,0,0
0,0,0.028924,0,0.16406,0,0,0,0,0.54476,0.0067452,0.0034297,0,0,0,0,0.24843,0,0.00022865,0,0,0.0034297,0,0,0,0,0
0.00016534,0,0.64038,0,0.0071098,0,0,0,0,0.34276,0,0,0,0,0,0,0.0095899,0,0,0,0,0,0,0,0,0,0
0.00018822,0,0.0018822,0,0.50009,0,0,0.00056465,0,0.48588,0,0,0,0.00028233,0,0,0.0080934,0,0,0,9.4109e-05,0,0.0029174,0,0,0,0
0,0,0.64,0,0.0576,0,0,0,0,0.1856,0.0016,0,0,0,0,0,0.0848,0,0,0,0,0,0.0304,0,0,0,0
0.00013569,0,0.0013569,0,0.81777,0,0,0,0,0.16391,0,0,0,0.00027137,0,0,0.015875,0,0,0,0,0,0.00067843,0,0,0,0
0,0,0.6319,0,0,0,0,0.09816,0,0,0,0,0,0,0,0,0.26994,0,0,0,0,0,0,0,0,0,0
0,0,0.0020241,0,0.81103,0,0,0,0,0.18384,0,0,0,0,0,0,0.00050604,0,0,0,0,0,0.0026025,0,0,0,0
0.00044267,0,0.95573,0,0,0,0,0,0,0.030544,0.0022134,0,0,0,0,0,0.011067,0,0,0,0,0,0,0,0,0,0
0,0,0.043668,0,0.090611,0,0,0,0,0.54367,0.033843,0.0010917,0,0,0,0,0.28603,0,0,0.0010917,0,0,0,0,0,0,0
0,0,0.080986,0,0.29824,0,0,0,0,0.34349,0.012676,0,0,0,0,0,0.26444,0,0,0,0,0,0.00017606,0,0,0,0
0,0.0023343,0.85294,0,0.01634,0,0.0018674,0.0018674,0,0.047152,0.0018674,0,0,0,0,0,0.07563,0,0,0,0,0,0,0,0,0,0
0,0,0.59053,0,0.015975,0,0.00028027,0,0,0.30802,0.00056054,0,0,0,0,0,0.080998,0,0,0,0,0,0,0.0036435,0,0,0
0,0,0,0,0.69247,0,0,0,0,0.27929,0,0,0,0,0,0,0.020921,0,0,0,0,0,0.0073222,0,0,0,0
0,0,0,0,0.94429,0,0,0,0,0.049328,0,0,0,0,0,0,0.00581,0,0,0,0,0,0.00056961,0,0,0,0
0,0,0.37538,0,0.39347,0,0,0.0019194,0,0.19495,0.0016452,0,0,0,0,0,0.029613,0,0,0,0,0,0.0030162,0,0,0,0
0,0,0.00022158,0,0.00088633,0,0,0,0,0.99756,0,0.00022158,0,0,0,0,0.00088633,0,0,0,0,0,0,0,0,0.00022158,0
0.0017208,0,0.019503,0,0.16463,0,0,0,0,0.20612,0.037285,0.0017208,0,0,0,0,0.56597,0,0.0001912,0.00057361,0.001912,0.00038241,0,0,0,0,0
0,0,0,0,0.622,0,0,0,0,0.29337,0,0,0,0,0,0,0.084626,0,0,0,0,0,0,0,0,0,0
0,0,0.29885,0,0.022989,0,0,0.068966,0,0.45977,0.011494,0,0,0,0,0,0.13793,0,0,0,0,0,0,0,0,0,0
0,0,0.4979,0,0.025253,0,0,0.010943,0,0.31608,0.0037879,0,0,0,0,0,0.14604,0,0,0,0,0,0,0,0,0,0
0,0,0.00092421,0,0.65619,0,0,0,0,0.33919,0,0,0,0,0,0,0.00092421,0,0,0,0,0,0.00092421,0,0.0018484,0,0
0,0,0.031721,0,0.30769,0,0,0.0010574,0,0.54454,0.015332,0,0,0,0,0,0.087761,0,0,0.0018504,0,0.010045,0,0,0,0,0
0,0,0.3467,0,0.025943,0,0,0,0,0.61557,0.004717,0,0,0,0,0,0.0070755,0,0,0,0,0,0,0,0,0,0
0,0,0,0,0.78548,0,0,0,0,0.20022,0.0011001,0,0,0,0,0,0.011001,0,0,0,0,0,0.0022002,0,0,0,0
0,0,0.0015186,0,0.39939,0,0,0,0,0.56416,0,0,0,0,0,0,0.02126,0,0,0,0,0,0.012908,0,0.0007593,0,0
0,0,0.029179,0,0.42951,0,0,0,0,0.3736,0.025089,0,0,0,0,0,0.13199,0,0,0.0046359,0,0.0059995,0,0,0,0,0
0,0,0.52261,0,0.012646,0,0,0.0094847,0,0.21246,0.00063231,0,0,0,0,0,0.24218,0,0,0,0,0,0,0,0,0,0
0,0,0,0,0.78231,0,0,0,0,0.19615,0,0,0,0,0,0,0.020408,0,0,0,0,0,0.0011338,0,0,0,0
0,0,0,0,0.89831,0,0,0,0,0.099274,0,0,0,0,0,0,0.0024213,0,0,0,0,0,0,0,0,0,0
0,0,0.40614,0,0.088737,0,0,0.023891,0,0.17406,0.085324,0,0,0,0,0,0.22184,0,0,0,0,0,0,0,0,0,0
0,0,0.039337,0,0.084996,0,0,0,0,0.32509,0.0025288,0.00028098,0,0,0,0,0.54777,0,0,0,0,0,0,0,0,0,0
0,0,0,0,0.88318,0,0,0,0,0.11682,0,0,0,0,0,0,0,0,0,0,0,0,0,0,0,0,0
0,0,0.014913,0,0.45264,0,0,0,0,0.34543,0.014913,0,0,0,0,0,0.16848,0,0,0.0024184,0.00080613,0,0.00040306,0,0,0,0
0,0,0.68862,0,0.0055879,0,0,0.00047557,0,0.24872,0.00011889,0,0,0,0,0,0.056474,0,0,0,0,0,0,0,0,0,0
0.0001296,0,0.0018144,0,0.78733,0,0,0,0,0.16719,0,0,0,0,0,0,0.000648,0,0,0,0,0,0.0041472,0,0.038751,0,0
0,0,0.011951,0,0.18077,0,0,0.00018674,0,0.57983,0.0082166,0,0,0,0,0,0.21849,0,0,0.00037348,0,0,0.00018674,0,0,0,0
0.0003907,0,0.73979,0,0.0013675,0,0,0.12717,0,0.094159,0.0013675,0,0,0,0,0,0.035749,0,0,0,0,0,0,0,0,0,0
0,0,0.0028257,0,0,0,0,0,0,0.99576,0,0,0,0,0,0,0,0,0,0,0,0,0.0014128,0,0,0,0
0,0,0,0,0.95952,0,0,0,0,0.038578,0,0,0,0,0,0,0.0013303,0,0,0,0,0,0.00019004,0,0.00038008,0,0
0.00020313,0,0.045094,0,0.11477,0,0,0,0,0.66768,0.048751,0.0022344,0,0,0,0,0.11964,0,0,0.00060938,0,0.00081251,0.00020313,0,0,0,0
0,0,0.16304,0,0.70652,0,0,0,0,0.032609,0,0,0,0,0,0,0.097826,0,0,0,0,0,0,0,0,0,0
0,0,0.71629,0,0.0092895,0,0,0.066784,0,0.18579,0,0,0,0,0,0,0.021843,0,0,0,0,0,0,0,0,0,0
0,0,0.0005109,0,0.0022139,0,0,0,0,0.99728,0,0,0,0,0,0,0,0,0,0,0,0,0,0,0,0,0
0,0,0.00034734,0,0.40049,0,0,0,0,0.59205,0,0,0,0,0,0,0.0012157,0,0,0,0,0,0.0045155,0,0.0013894,0,0
0.00074996,0,0.022499,0,0.19904,0,0,0,0,0.47023,0.030148,0.0043498,0,0,0,0,0.26264,0,0,0.0097495,0,0.00059997,0,0,0,0,0
0,0.012539,0.11912,0,0.094044,0,0,0.26019,0,0.12226,0.0031348,0,0,0,0,0,0.38871,0,0,0,0,0,0,0,0,0,0
0,0,0.31517,0,0.041073,0,0,0.062028,0,0.17519,0,0,0,0,0,0,0.40654,0,0,0,0,0,0,0,0,0,0
0,0,0.00093787,0,0.0011723,0,0,0,0,0.99742,0.00023447,0,0,0,0,0,0.00023447,0,0,0,0,0,0,0,0,0,0
0,0,0,0,0.6518,0,0,0.022088,0,0.28548,0,0,0,0,0,0,0.035216,0,0,0,0,0,0.0027089,0,0.0027089,0,0
0,0,0.054105,0,0.16421,0,0,0,0,0.55165,0.0079455,0,0,0,0,0,0.2202,0,0,0.0018918,0,0,0,0,0,0,0
0.00092678,0,0.27989,0,0.0027804,0,0,0.02873,0,0.67563,0,0,0,0,0,0,0.012048,0,0,0,0,0,0,0,0,0,0
0,0,0,0,0.00071788,0,0,0,0,0.99785,0,0,0,0,0,0,0.0014358,0,0,0,0,0,0,0,0,0,0
0,0,0,0,0.56099,0,0,0,0,0.42596,0,0,0,0,0,0,0.013046,0,0,0,0,0,0,0,0,0,0
0,0,0.020548,0,0.2793,0,0,0,0,0.34703,0.01446,0,0,0,0,0,0.33638,0,0,0.0015221,0,0,0.00076104,0,0,0,0
0,0,0.54183,0,0.011839,0,0,0.067877,0,0.065114,0,0,0,0,0,0,0.31294,0,0,0,0,0,0.00039463,0,0,0,0
0,0,0.93901,0,0.0019675,0,0,0.00049188,0,0.0047549,0,0,0,0,0,0,0.00016396,0,0,0,0,0,0.053615,0,0,0,0
0,0,0.00023447,0,0.89519,0,0,0,0,0.0966,0,0,0,0,0,0,0.0037515,0,0,0,0,0,0.0042204,0,0,0,0
0,0,0.024219,0,0.26799,0,0,0,0,0.39733,0.090207,0,0,0,0,0,0.21499,0,0,0.0040365,0,0.0012285,0,0,0,0,0
0,0,0.00021805,0,0.00021805,0,0,0,0,0.99956,0,0,0,0,0,0,0,0,0,0,0,0,0,0,0,0,0
0,0,0.50257,0,0.10216,0,0,0.00034282,0,0.31676,0.007542,0,0,0,0,0,0.070621,0,0,0,0,0,0,0,0,0,0
0,0,0.00037764,0,0.00018882,0,0,0,0,0.9983,0,0,0,0,0,0,0.0011329,0,0,0,0,0,0,0,0,0,0
0,0,0.22391,0,0.01255,0,0,0,0,0.47061,0.009247,0,0,0,0,0,0.28269,0,0,0.0006605,0,0,0.00033025,0,0,0,0
0,0,0.64581,0,0.008342,0,0,0,0,0.31595,0.0052138,0,0,0,0,0,0.021898,0,0,0.0024331,0.00034758,0,0,0,0,0,0
0.00016464,0,0.0023049,0,0.64109,0,0,0,0,0.34969,0,0,0,0,0,0,0.00016464,0,0,0,0,0,0.00082318,0,0.0057623,0,0
0,0,0.03125,0,0.18512,0,0,0,0,0.42142,0.036915,0,0,0,0,0,0.32365,0,0,0.00073099,0,0.00091374,0,0,0,0,0
0.00084933,0,0.89655,0,0.002548,0,0,0,0.00033973,0.085612,0,0,0,0,0,0,0.014099,0,0,0,0,0,0,0,0,0,0
0,0,0.375,0,0.0625,0,0,0,0,0.21875,0.03125,0,0,0,0,0,0.3125,0,0,0,0,0,0,0,0,0,0
0,0,0.29906,0,0.01247,0,0,0.0015314,0,0.66856,0.0019689,0,0,0,0,0,0.016408,0,0,0,0,0,0,0,0,0,0
0,0,0,0,0.85641,0,0,0,0,0.10751,0,0,0,0,0,0,0.033886,0,0,0,0,0,0.0021941,0,0,0,0
